0 0.387500 0.313889 0.071875 0.088889
0 0.224219 0.112037 0.014063 0.022222
0 0.274740 0.275926 0.009896 0.014815
0 0.300781 0.364815 0.007812 0.012963
0 0.594531 0.012500 0.009896 0.015741
0 0.582552 0.242593 0.006771 0.016667
0 0.590365 0.245833 0.007812 0.017593
0 0.520312 0.762963 0.010417 0.014815
0 0.672656 0.789815 0.007812 0.014815
0 0.539844 0.854630 0.006771 0.014815
0 0.223958 0.415278 0.008333 0.013889
0 0.585417 0.480093 0.008333 0.013889
0 0.245573 0.295370 0.008854 0.014815
0 0.582292 0.374074 0.009375 0.016667
0 0.284375 0.386574 0.005208 0.008333
0 0.033073 0.351852 0.055729 0.092593
0 0.800781 0.782407 0.007812 0.012963
0 0.926302 0.031019 0.007812 0.012037
0 0.022396 0.987963 0.009375 0.016667
0 0.094531 0.989352 0.008854 0.015741
0 0.822917 0.505556 0.011458 0.022222
0 0.061458 0.850000 0.068750 0.135185
