0 0.621875 0.264352 0.035417 0.034259
0 0.477344 0.715741 0.023438 0.092593
0 0.787500 0.515741 0.008333 0.014815
0 0.463802 0.670370 0.008854 0.016667
0 0.887760 0.101389 0.008854 0.015741
0 0.145313 0.830093 0.010417 0.017593
0 0.663021 0.879630 0.039583 0.068519
0 0.933073 0.067593 0.021354 0.035185
0 0.074479 0.823611 0.009375 0.015741
0 0.463021 0.419444 0.008333 0.014815
0 0.514323 0.322685 0.008854 0.013889
0 0.390625 0.150926 0.009375 0.012963
0 0.674740 0.037963 0.018229 0.029630
0 0.638021 0.972685 0.017708 0.028704
0 0.573958 0.960648 0.031250 0.049074
0 0.161458 0.795370 0.032292 0.316667
0 0.082812 0.876852 0.015625 0.042593
0 0.396354 0.927315 0.043750 0.112037
0 0.032552 0.120370 0.008854 0.016667
0 0.702865 0.386111 0.008854 0.016667
0 0.726302 0.025000 0.006771 0.011111
0 0.501302 0.094444 0.007812 0.077778
0 0.153385 0.452778 0.015104 0.035185
0 0.140104 0.027778 0.010417 0.022222
0 0.202865 0.141667 0.023438 0.051852
