0 0.404427 0.485185 0.013021 0.024074
0 0.778646 0.486111 0.026042 0.046296
0 0.052083 0.437963 0.015625 0.027778
0 0.422135 0.777315 0.018229 0.030556
0 0.585677 0.963889 0.025521 0.046296
0 0.319531 0.687963 0.022396 0.046296
0 0.062240 0.470833 0.055729 0.067593
0 0.111719 0.493056 0.039062 0.056481
0 0.536979 0.917130 0.008333 0.015741
0 0.660156 0.151852 0.042188 0.053704
0 0.310417 0.443519 0.030208 0.112963
0 0.125260 0.254630 0.057813 0.044444
0 0.030469 0.194907 0.060937 0.080556
0 0.396875 0.848611 0.008333 0.015741
0 0.116667 0.625000 0.009375 0.018519
0 0.923958 0.695370 0.043750 0.037037
0 0.103646 0.672685 0.009375 0.017593
0 0.975260 0.800926 0.031771 0.038889
0 0.231510 0.650000 0.008854 0.014815
0 0.389323 0.477778 0.008854 0.016667
0 0.558854 0.161111 0.017708 0.040741
0 0.133073 0.912500 0.036979 0.067593
0 0.170833 0.955556 0.019792 0.031481
0 0.223438 0.926389 0.009375 0.015741
0 0.234115 0.900463 0.017188 0.037963
0 0.553646 0.632870 0.022917 0.032407
