0 0.930469 0.856019 0.009896 0.013889
0 0.636979 0.582870 0.007292 0.012037
0 0.935156 0.826852 0.021354 0.035185
0 0.788281 0.288889 0.044271 0.033333
0 0.901302 0.766204 0.008854 0.015741
0 0.386458 0.597222 0.009375 0.016667
0 0.209635 0.142593 0.025521 0.040741
0 0.640365 0.225926 0.030729 0.061111
0 0.751302 0.799074 0.010937 0.024074
0 0.403646 0.042130 0.168750 0.069444
0 0.194010 0.253241 0.007812 0.013889
0 0.463281 0.288426 0.008854 0.015741
0 0.705729 0.793056 0.007292 0.012037
0 0.086458 0.323611 0.009375 0.015741
0 0.908594 0.354630 0.044271 0.044444
