0 0.377083 0.797222 0.030208 0.050000
0 0.301563 0.066204 0.007292 0.015741
0 0.227083 0.798148 0.007292 0.012963
0 0.355990 0.724537 0.013021 0.021296
0 0.765885 0.571759 0.032813 0.082407
0 0.800521 0.761111 0.059375 0.194444
0 0.366667 0.909259 0.008333 0.016667
0 0.860677 0.622222 0.103646 0.072222
0 0.573177 0.929167 0.009896 0.017593
0 0.062500 0.933796 0.008333 0.015741
0 0.646875 0.057870 0.007292 0.013889
0 0.666667 0.317593 0.006250 0.011111
0 0.120052 0.318519 0.008854 0.016667
0 0.397135 0.134722 0.008854 0.017593
0 0.860417 0.848148 0.085417 0.122222
0 0.234375 0.674074 0.008333 0.014815
0 0.387500 0.575000 0.008333 0.014815
