0 0.953125 0.107870 0.008333 0.015741
0 0.954167 0.602315 0.009375 0.017593
0 0.775521 0.658796 0.009375 0.015741
0 0.867448 0.972222 0.008854 0.014815
0 0.767708 0.600463 0.014583 0.025000
0 0.052604 0.849537 0.008333 0.017593
0 0.677083 0.586111 0.009375 0.016667
0 0.810677 0.825926 0.008854 0.016667
0 0.630469 0.485185 0.008854 0.014815
0 0.307552 0.517130 0.023438 0.076852
0 0.939323 0.768519 0.021354 0.124074
0 0.136458 0.663889 0.031250 0.044444
0 0.198437 0.655093 0.010417 0.015741
0 0.078385 0.468519 0.009896 0.014815
0 0.944010 0.117593 0.008854 0.014815
0 0.680729 0.750926 0.010417 0.018519
0 0.659375 0.971296 0.007292 0.014815
0 0.213281 0.543981 0.009896 0.015741
