0 0.853125 0.949074 0.009375 0.016667
0 0.992188 0.910648 0.008333 0.015741
0 0.864844 0.957870 0.006771 0.012037
0 0.857552 0.964352 0.006771 0.010185
0 0.415885 0.435185 0.007812 0.014815
0 0.674479 0.350463 0.008333 0.015741
0 0.615365 0.427778 0.024479 0.100000
0 0.389583 0.475000 0.064583 0.035185
0 0.070312 0.393056 0.084375 0.084259
0 0.640365 0.346759 0.063021 0.099074
0 0.715365 0.554630 0.059896 0.124074
0 0.232813 0.870370 0.008333 0.014815
0 0.277344 0.570833 0.008854 0.015741
0 0.442188 0.635648 0.008333 0.015741
0 0.225521 0.941204 0.008333 0.013889
0 0.488021 0.364815 0.014583 0.051852
0 0.829688 0.010185 0.008333 0.012963
0 0.593229 0.296759 0.008333 0.015741
0 0.586979 0.530093 0.007292 0.015741
0 0.270833 0.910648 0.008333 0.017593
0 0.022917 0.945833 0.010417 0.017593
0 0.787240 0.270370 0.008854 0.016667
0 0.103646 0.430556 0.009375 0.014815
