0 0.528385 0.456019 0.016146 0.039815
0 0.576823 0.218056 0.007812 0.013889
0 0.652344 0.628241 0.006771 0.012037
0 0.897656 0.190741 0.008854 0.018519
0 0.975781 0.789352 0.047396 0.032407
0 0.852604 0.343981 0.014583 0.036111
0 0.879948 0.293981 0.020313 0.032407
0 0.216146 0.043981 0.018750 0.026852
0 0.946094 0.644907 0.017188 0.037963
0 0.121615 0.516667 0.010937 0.020370
0 0.933073 0.289352 0.008854 0.015741
0 0.341927 0.862963 0.119271 0.240741
0 0.394531 0.239815 0.008854 0.016667
0 0.495312 0.829630 0.016667 0.031481
0 0.682813 0.915278 0.011458 0.028704
0 0.922656 0.695370 0.019271 0.037037
0 0.387760 0.287500 0.007812 0.013889
0 0.858333 0.203241 0.008333 0.013889
0 0.728906 0.440278 0.007812 0.013889
0 0.790365 0.664815 0.008854 0.014815
