0 0.805208 0.595370 0.014583 0.096296
0 0.871875 0.866667 0.007292 0.109259
0 0.426823 0.674537 0.067187 0.191667
0 0.482031 0.107870 0.008854 0.015741
0 0.870573 0.770833 0.009896 0.017593
0 0.724479 0.433796 0.026042 0.108333
0 0.329167 0.420370 0.006250 0.011111
0 0.284896 0.815741 0.007292 0.014815
0 0.320573 0.973148 0.007812 0.048148
0 0.661719 0.027778 0.011979 0.051852
0 0.760677 0.164815 0.040104 0.048148
0 0.425521 0.800463 0.019792 0.060185
0 0.104167 0.453704 0.011458 0.022222
0 0.570573 0.231944 0.031771 0.045370
0 0.408594 0.579167 0.007812 0.015741
0 0.302865 0.937037 0.053646 0.064815
0 0.062500 0.550000 0.069792 0.051852
0 0.832031 0.276852 0.079687 0.018519
0 0.106250 0.659259 0.040625 0.014815
0 0.379948 0.926852 0.008854 0.012963
0 0.732552 0.675926 0.014063 0.075926
0 0.899479 0.700463 0.025000 0.091667
0 0.862760 0.616204 0.024479 0.043519
0 0.410677 0.450926 0.015104 0.068519
0 0.540625 0.663889 0.008333 0.016667
