0 0.494271 0.849074 0.006250 0.011111
0 0.490104 0.433333 0.008333 0.014815
0 0.865365 0.869907 0.006771 0.012037
0 0.664062 0.274074 0.067708 0.090741
0 0.703646 0.230093 0.008333 0.015741
0 0.724479 0.538426 0.008333 0.015741
0 0.561979 0.775463 0.009375 0.017593
0 0.875260 0.985185 0.007812 0.014815
0 0.790104 0.127778 0.042708 0.059259
0 0.798177 0.023611 0.007812 0.012037
0 0.797917 0.011574 0.007292 0.010185
0 0.293229 0.965741 0.006250 0.011111
0 0.286198 0.968519 0.006771 0.012963
0 0.408073 0.874074 0.008854 0.016667
0 0.297396 0.640278 0.006250 0.012037
0 0.283594 0.649537 0.009896 0.013889
0 0.276302 0.632870 0.008854 0.012037
0 0.271354 0.620370 0.007292 0.016667
0 0.147656 0.568519 0.007812 0.012963
