0 0.694792 0.401852 0.007292 0.081481
0 0.357031 0.955556 0.008854 0.014815
0 0.709896 0.336574 0.009375 0.017593
0 0.110937 0.482870 0.009375 0.019444
0 0.045312 0.752778 0.008333 0.014815
0 0.426042 0.150926 0.045833 0.018519
0 0.855729 0.293981 0.023958 0.034259
0 0.346354 0.463889 0.011458 0.020370
0 0.639583 0.229167 0.039583 0.087963
0 0.771094 0.293981 0.056771 0.099074
0 0.947656 0.025000 0.008854 0.016667
0 0.741406 0.028241 0.046354 0.047222
0 0.933333 0.307870 0.019792 0.032407
0 0.696094 0.648611 0.017188 0.017593
0 0.684375 0.704167 0.010417 0.013889
0 0.565104 0.851852 0.112500 0.014815
0 0.498437 0.919907 0.009375 0.017593
0 0.238021 0.677315 0.006250 0.013889
0 0.265625 0.269907 0.021875 0.056481
0 0.749740 0.094444 0.019271 0.033333
0 0.527344 0.184722 0.007812 0.013889
0 0.908333 0.207407 0.009375 0.014815
0 0.475781 0.136574 0.009896 0.019444
