0 0.910937 0.066667 0.010417 0.016667
0 0.673177 0.300000 0.005729 0.009259
0 0.679688 0.300000 0.006250 0.012963
0 0.354948 0.476852 0.046354 0.114815
0 0.550781 0.220370 0.008854 0.014815
0 0.420573 0.828704 0.007812 0.016667
0 0.310937 0.951852 0.010417 0.018519
0 0.082292 0.119907 0.009375 0.013889
0 0.057031 0.096759 0.014063 0.025000
0 0.811458 0.401389 0.008333 0.015741
0 0.286198 0.106019 0.021354 0.037963
0 0.260156 0.132870 0.028646 0.036111
0 0.819271 0.425926 0.007292 0.012963
0 0.148177 0.595833 0.007812 0.013889
0 0.780208 0.096296 0.022917 0.044444
0 0.557031 0.327315 0.008854 0.015741
0 0.171354 0.756944 0.009375 0.017593
0 0.723958 0.659259 0.008333 0.014815
0 0.724479 0.693519 0.008333 0.014815
0 0.288021 0.841667 0.012500 0.140741
0 0.572396 0.048611 0.014583 0.069444
0 0.340365 0.343981 0.028646 0.097222
0 0.782552 0.625463 0.008854 0.013889
0 0.873698 0.825926 0.010937 0.018519
0 0.731250 0.193981 0.006250 0.013889
0 0.746094 0.124074 0.015104 0.027778
