0 0.567969 0.735185 0.093229 0.170370
0 0.355469 0.842593 0.085938 0.138889
0 0.898438 0.292593 0.033333 0.042593
0 0.227344 0.113889 0.028646 0.031481
0 0.186719 0.255093 0.063021 0.039815
0 0.172135 0.623148 0.009896 0.018519
0 0.537500 0.662963 0.008333 0.014815
0 0.631510 0.304167 0.014063 0.025000
0 0.458594 0.718981 0.010937 0.021296
0 0.449479 0.765278 0.007292 0.013889
0 0.434896 0.755093 0.009375 0.015741
0 0.431771 0.740741 0.010417 0.016667
0 0.476823 0.730556 0.008854 0.018519
0 0.557813 0.810185 0.005208 0.009259
0 0.480469 0.644907 0.054688 0.093519
0 0.626563 0.973611 0.023958 0.037963
0 0.951562 0.542593 0.020833 0.038889
0 0.889844 0.474537 0.009896 0.015741
0 0.879687 0.404167 0.007292 0.012037
0 0.967969 0.167593 0.023438 0.044444
0 0.878385 0.018519 0.019271 0.037037
0 0.251823 0.352778 0.010937 0.020370
0 0.247396 0.382407 0.010417 0.022222
0 0.017708 0.505556 0.010417 0.018519
0 0.131510 0.375926 0.007812 0.081481
