0 0.406771 0.495370 0.007292 0.012963
0 0.253906 0.557407 0.009896 0.016667
0 0.316406 0.851852 0.008854 0.016667
0 0.360156 0.266204 0.008854 0.015741
0 0.752604 0.974537 0.008333 0.013889
0 0.492448 0.532407 0.007812 0.016667
0 0.406510 0.879167 0.008854 0.015741
0 0.670312 0.777315 0.090625 0.021296
0 0.641667 0.563426 0.009375 0.017593
0 0.836979 0.571759 0.010417 0.017593
0 0.085677 0.974074 0.007812 0.014815
0 0.488021 0.037037 0.007292 0.012963
0 0.886198 0.462500 0.009896 0.017593
0 0.441146 0.154167 0.008333 0.017593
0 0.195573 0.187963 0.008854 0.016667
0 0.458854 0.524074 0.009375 0.018519
0 0.128125 0.064815 0.008333 0.016667
0 0.730469 0.021759 0.031771 0.041667
0 0.987500 0.033333 0.009375 0.014815
0 0.970833 0.085648 0.010417 0.015741
0 0.687760 0.984259 0.006771 0.012963
0 0.696615 0.636574 0.007812 0.013889
0 0.513021 0.924074 0.008333 0.014815
0 0.353385 0.675926 0.009896 0.016667
