0 0.859115 0.303704 0.013021 0.024074
0 0.922917 0.623148 0.050000 0.112963
0 0.811458 0.646759 0.009375 0.015741
0 0.709375 0.024074 0.010417 0.018519
0 0.165104 0.326389 0.050000 0.028704
0 0.789323 0.986111 0.008854 0.014815
0 0.649479 0.545370 0.012500 0.022222
0 0.284375 0.808333 0.034375 0.075926
0 0.294792 0.862963 0.009375 0.014815
0 0.310937 0.927315 0.029167 0.063889
0 0.617708 0.956019 0.036458 0.039815
0 0.442708 0.904167 0.043750 0.069444
0 0.457292 0.911574 0.008333 0.017593
0 0.464583 0.904630 0.006250 0.016667
0 0.856510 0.886574 0.023438 0.052778
0 0.565365 0.058796 0.018229 0.026852
0 0.461979 0.053704 0.020833 0.038889
0 0.238281 0.545370 0.025521 0.042593
0 0.428125 0.338889 0.036458 0.057407
0 0.295312 0.466204 0.091667 0.015741
0 0.204167 0.341204 0.012500 0.019444
0 0.100000 0.473148 0.012500 0.024074
0 0.228646 0.837037 0.010417 0.018519
0 0.151562 0.766204 0.018750 0.032407
0 0.066406 0.828241 0.026562 0.056481
0 0.761979 0.019907 0.012500 0.021296
0 0.183594 0.455093 0.008854 0.015741
0 0.716927 0.271759 0.009896 0.017593
0 0.145313 0.121759 0.008333 0.013889
0 0.186719 0.069444 0.006771 0.011111
0 0.677344 0.509259 0.008854 0.016667
0 0.365104 0.769444 0.006250 0.011111
0 0.055729 0.414815 0.007292 0.012963
