0 0.044010 0.862037 0.043229 0.081481
0 0.738542 0.065278 0.036458 0.058333
0 0.946875 0.264815 0.019792 0.038889
0 0.504687 0.741667 0.026042 0.042593
0 0.878906 0.753241 0.017188 0.037963
0 0.078125 0.377315 0.020833 0.045370
0 0.013281 0.120370 0.007812 0.014815
0 0.255729 0.109259 0.007292 0.012963
0 0.377865 0.031481 0.018229 0.046296
0 0.513021 0.251852 0.011458 0.022222
0 0.370573 0.390741 0.007812 0.014815
0 0.263802 0.979630 0.007812 0.014815
0 0.808333 0.227778 0.007292 0.012963
0 0.937240 0.832407 0.046354 0.074074
0 0.289323 0.934722 0.040104 0.082407
