0 0.865885 0.933796 0.009896 0.019444
0 0.696615 0.209722 0.073438 0.200926
0 0.694531 0.455556 0.007812 0.018519
0 0.681771 0.450463 0.008333 0.017593
0 0.689063 0.470833 0.007292 0.013889
0 0.396354 0.517130 0.117708 0.078704
0 0.111458 0.489815 0.008333 0.014815
0 0.495312 0.748611 0.046875 0.073148
0 0.431250 0.189352 0.008333 0.013889
0 0.279167 0.262963 0.008333 0.014815
0 0.098698 0.271759 0.010937 0.019444
0 0.456250 0.467130 0.009375 0.013889
0 0.627604 0.890741 0.009375 0.016667
0 0.926302 0.642593 0.007812 0.014815
