0 0.071615 0.784259 0.018229 0.031481
0 0.450000 0.351852 0.033333 0.048148
0 0.546615 0.508333 0.020313 0.038889
0 0.271094 0.677315 0.026562 0.039815
0 0.542708 0.762037 0.022917 0.038889
0 0.530208 0.700926 0.006250 0.012963
0 0.523958 0.706019 0.006250 0.013889
0 0.282813 0.965741 0.022917 0.031481
0 0.857812 0.769907 0.022917 0.047222
0 0.970573 0.681019 0.011979 0.028704
0 0.760156 0.024074 0.022396 0.046296
0 0.427083 0.462963 0.020833 0.037037
0 0.650781 0.588889 0.008854 0.018519
0 0.408594 0.761111 0.008854 0.018519
0 0.266667 0.956944 0.008333 0.013889
0 0.772396 0.701389 0.009375 0.015741
0 0.768750 0.657870 0.009375 0.017593
0 0.666406 0.820370 0.014063 0.027778
0 0.167969 0.195833 0.023438 0.065741
0 0.135677 0.569907 0.040104 0.093519
