0 0.553385 0.616204 0.013021 0.028704
0 0.720573 0.699074 0.009896 0.016667
0 0.880208 0.983796 0.016667 0.030556
0 0.566146 0.061574 0.042708 0.084259
0 0.575521 0.343981 0.009375 0.015741
0 0.802344 0.746296 0.011979 0.018519
0 0.451823 0.363889 0.018229 0.033333
0 0.203125 0.197685 0.009375 0.015741
0 0.938281 0.063426 0.007812 0.013889
0 0.551302 0.923611 0.008854 0.015741
0 0.775260 0.174537 0.008854 0.017593
0 0.540625 0.794444 0.023958 0.035185
0 0.283333 0.112500 0.009375 0.017593
0 0.840885 0.658796 0.018229 0.037963
