0 0.607031 0.571296 0.046354 0.075926
0 0.977604 0.561111 0.017708 0.029630
0 0.242188 0.534722 0.009375 0.112037
0 0.361719 0.317593 0.025521 0.042593
0 0.512500 0.211111 0.020833 0.038889
0 0.627083 0.619907 0.312500 0.063889
0 0.982552 0.386111 0.017188 0.029630
0 0.953646 0.067130 0.037500 0.062037
0 0.933333 0.176389 0.016667 0.034259
0 0.541406 0.609722 0.009896 0.015741
0 0.054427 0.313889 0.040104 0.062963
0 0.140885 0.945833 0.021354 0.043519
0 0.011979 0.398148 0.023958 0.144444
0 0.984896 0.605093 0.030208 0.026852
0 0.332552 0.690741 0.006771 0.012963
0 0.980208 0.211574 0.037500 0.084259
0 0.068490 0.385185 0.009896 0.018519
0 0.841406 0.561574 0.008854 0.015741
0 0.551042 0.873148 0.028125 0.174074
0 0.606771 0.571759 0.044792 0.075000
0 0.184115 0.760185 0.009896 0.016667
0 0.718750 0.924074 0.008333 0.014815
0 0.550000 0.312963 0.042708 0.018519
