0 0.933333 0.433333 0.048958 0.088889
0 0.025000 0.163426 0.048958 0.089815
0 0.015885 0.293056 0.030729 0.041667
0 0.014323 0.343981 0.008854 0.017593
0 0.138021 0.165278 0.020833 0.062037
0 0.749219 0.015278 0.009896 0.017593
0 0.696094 0.397222 0.040104 0.142593
0 0.709896 0.327315 0.009375 0.013889
0 0.445312 0.850926 0.020833 0.037037
0 0.485156 0.882407 0.008854 0.016667
0 0.300781 0.658333 0.026562 0.050000
0 0.754167 0.727315 0.027083 0.047222
0 0.841406 0.890278 0.027604 0.045370
0 0.658073 0.841667 0.009896 0.016667
0 0.355208 0.119444 0.122917 0.194444
0 0.361979 0.564815 0.007292 0.014815
0 0.089323 0.077778 0.008854 0.016667
0 0.259896 0.802778 0.008333 0.014815
0 0.619792 0.482870 0.007292 0.012037
0 0.819531 0.109259 0.007812 0.012963
0 0.402865 0.790741 0.007812 0.014815
0 0.546875 0.368981 0.009375 0.015741
0 0.699219 0.374537 0.008854 0.015741
0 0.619010 0.181481 0.006771 0.012963
0 0.740104 0.522222 0.006250 0.011111
0 0.890365 0.250463 0.007812 0.013889
0 0.061979 0.717130 0.007292 0.013889
0 0.039844 0.510185 0.007812 0.012963
0 0.526823 0.440278 0.006771 0.012037
0 0.755990 0.289352 0.007812 0.013889
0 0.823958 0.460185 0.008333 0.014815
0 0.646354 0.336111 0.006250 0.011111
0 0.884115 0.227778 0.009896 0.016667
0 0.717969 0.206944 0.007812 0.013889
0 0.472135 0.658796 0.018229 0.032407
0 0.354687 0.567130 0.008333 0.015741
