0 0.502344 0.387500 0.008854 0.015741
0 0.926042 0.583796 0.067708 0.128704
0 0.352865 0.746759 0.150521 0.084259
0 0.974740 0.664815 0.007812 0.012963
0 0.879948 0.100926 0.021354 0.040741
0 0.217448 0.808333 0.030729 0.183333
0 0.069792 0.758796 0.022917 0.039815
0 0.181510 0.629167 0.041146 0.097222
0 0.567448 0.073611 0.019271 0.030556
0 0.466667 0.148148 0.023958 0.033333
0 0.370312 0.087037 0.023958 0.033333
0 0.352083 0.197222 0.015625 0.035185
0 0.973177 0.107407 0.008854 0.014815
0 0.847396 0.356019 0.010417 0.017593
