0 0.344792 0.050926 0.009375 0.018519
0 0.539323 0.700463 0.053646 0.100926
0 0.444792 0.074074 0.100000 0.072222
0 0.865365 0.213889 0.007812 0.014815
0 0.540885 0.349537 0.007812 0.013889
0 0.224479 0.854630 0.016667 0.031481
0 0.155729 0.787963 0.007292 0.012963
0 0.061458 0.281481 0.021875 0.229630
0 0.105729 0.097222 0.008333 0.012963
0 0.584896 0.596296 0.007292 0.012963
0 0.365885 0.091204 0.007812 0.013889
0 0.479948 0.752315 0.008854 0.017593
0 0.097656 0.549074 0.008854 0.016667
0 0.098177 0.187963 0.008854 0.014815
0 0.328646 0.750463 0.046875 0.037963
