0 0.974479 0.155093 0.023958 0.032407
0 0.222135 0.029167 0.008854 0.015741
0 0.459375 0.398148 0.008333 0.014815
0 0.843750 0.385185 0.008333 0.014815
0 0.070573 0.238889 0.017188 0.033333
0 0.441406 0.028241 0.022396 0.036111
0 0.307552 0.118981 0.025521 0.047222
0 0.582292 0.493981 0.007292 0.012037
0 0.009896 0.007407 0.008333 0.012963
0 0.500260 0.055556 0.043229 0.094444
0 0.496354 0.014352 0.008333 0.013889
0 0.575000 0.496759 0.007292 0.012037
0 0.519792 0.949074 0.007292 0.014815
0 0.880990 0.709722 0.010937 0.021296
0 0.805469 0.780093 0.009896 0.017593
0 0.791667 0.746759 0.008333 0.017593
0 0.805469 0.226389 0.011979 0.019444
