0 0.716927 0.149537 0.030729 0.045370
0 0.684115 0.143519 0.010937 0.016667
0 0.876042 0.294444 0.019792 0.031481
0 0.243750 0.738889 0.023958 0.033333
0 0.668229 0.299537 0.008333 0.013889
0 0.729688 0.318981 0.014583 0.028704
0 0.805729 0.619907 0.009375 0.015741
0 0.412240 0.904167 0.019271 0.034259
0 0.668490 0.868981 0.136979 0.026852
0 0.819792 0.780556 0.021875 0.038889
0 0.538281 0.781019 0.009896 0.021296
0 0.664583 0.791667 0.023958 0.033333
0 0.203906 0.130093 0.018229 0.067593
0 0.334375 0.449074 0.007292 0.012963
0 0.561719 0.743519 0.031771 0.020370
0 0.030208 0.679167 0.014583 0.032407
