0 0.957031 0.805556 0.022396 0.048148
0 0.062760 0.846296 0.018229 0.031481
0 0.521875 0.083333 0.061458 0.046296
0 0.751042 0.371759 0.104167 0.154630
0 0.486979 0.815278 0.008333 0.015741
0 0.694792 0.858333 0.010417 0.020370
0 0.420573 0.435648 0.036979 0.073148
0 0.248177 0.858333 0.010937 0.020370
0 0.694792 0.858796 0.010417 0.019444
0 0.565625 0.128241 0.036458 0.039815
0 0.682552 0.199074 0.052604 0.031481
0 0.877083 0.812500 0.010417 0.019444
0 0.948438 0.784722 0.008333 0.015741
0 0.753646 0.791204 0.019792 0.028704
0 0.823438 0.304167 0.048958 0.084259
0 0.271354 0.203241 0.029167 0.047222
