0 0.430990 0.274074 0.022396 0.040741
0 0.561198 0.328704 0.029687 0.235185
0 0.554427 0.144444 0.020313 0.040741
0 0.515885 0.200000 0.008854 0.016667
0 0.707031 0.812500 0.019271 0.030556
0 0.243750 0.891204 0.021875 0.047222
0 0.731510 0.027315 0.013021 0.023148
0 0.537500 0.512963 0.050000 0.062963
0 0.934635 0.491204 0.020313 0.041667
0 0.988281 0.371296 0.019271 0.040741
0 0.735156 0.228241 0.016146 0.032407
0 0.951823 0.214352 0.024479 0.032407
0 0.754948 0.383333 0.018229 0.040741
0 0.525260 0.270370 0.022396 0.037037
0 0.577344 0.664352 0.008854 0.021296
0 0.478906 0.817130 0.018229 0.034259
0 0.191406 0.187500 0.022396 0.041667
0 0.697135 0.005556 0.009896 0.011111
