0 0.538281 0.985185 0.008854 0.012963
0 0.667188 0.911574 0.009375 0.017593
0 0.827865 0.918519 0.008854 0.014815
0 0.628646 0.443981 0.006250 0.012037
0 0.630990 0.454167 0.007812 0.012037
0 0.643229 0.423148 0.007292 0.011111
0 0.250781 0.856481 0.008854 0.016667
0 0.627865 0.415741 0.008854 0.014815
0 0.688542 0.600463 0.009375 0.019444
0 0.749219 0.699074 0.008854 0.014815
0 0.522656 0.512037 0.007812 0.012963
0 0.672135 0.807407 0.009896 0.018519
0 0.728906 0.861111 0.086979 0.211111
0 0.281771 0.940278 0.008333 0.013889
0 0.553906 0.549537 0.007812 0.015741
0 0.429427 0.779167 0.007812 0.013889
0 0.618229 0.774537 0.082292 0.047222
0 0.086458 0.529630 0.010417 0.014815
0 0.171615 0.279630 0.089063 0.114815
0 0.548438 0.829630 0.009375 0.014815
0 0.537760 0.968056 0.007812 0.013889
0 0.545833 0.975926 0.006250 0.014815
