0 0.588021 0.244444 0.009375 0.016667
0 0.122396 0.143981 0.021875 0.037963
0 0.146875 0.756019 0.008333 0.015741
0 0.297917 0.989352 0.008333 0.017593
0 0.683333 0.543519 0.009375 0.016667
0 0.129167 0.847222 0.050000 0.057407
0 0.903646 0.642130 0.009375 0.015741
0 0.787240 0.373611 0.008854 0.015741
0 0.293750 0.293519 0.008333 0.014815
0 0.384896 0.585648 0.008333 0.015741
0 0.811719 0.152778 0.008854 0.014815
0 0.205208 0.719444 0.006250 0.011111
0 0.158073 0.700000 0.007812 0.012963
0 0.766406 0.075000 0.018229 0.033333
0 0.627865 0.262963 0.006771 0.012963
