0 0.661198 0.401852 0.292187 0.077778
0 0.420312 0.791204 0.015625 0.030556
0 0.643490 0.937500 0.007812 0.015741
0 0.661979 0.948611 0.019792 0.028704
0 0.260677 0.756019 0.010937 0.019444
0 0.212500 0.774537 0.020833 0.039815
0 0.019271 0.095370 0.016667 0.035185
0 0.855729 0.221759 0.011458 0.017593
0 0.978385 0.755093 0.007812 0.013889
0 0.227344 0.739815 0.009896 0.016667
0 0.512500 0.235185 0.014583 0.072222
0 0.243490 0.285648 0.009896 0.015741
0 0.166927 0.756019 0.108854 0.130556
0 0.680469 0.097685 0.110937 0.145370
0 0.249479 0.575000 0.070833 0.037037
0 0.313802 0.043519 0.006771 0.085185
0 0.835156 0.839352 0.008854 0.017593
0 0.471354 0.343981 0.057292 0.084259
