0 0.044792 0.143056 0.046875 0.025000
0 0.559635 0.372685 0.113021 0.037963
0 0.268229 0.522222 0.017708 0.035185
0 0.538802 0.150463 0.019271 0.041667
0 0.008854 0.825926 0.008333 0.014815
0 0.834115 0.951389 0.007812 0.013889
0 0.564583 0.711574 0.008333 0.015741
0 0.016927 0.749074 0.010937 0.018519
0 0.580208 0.593981 0.008333 0.013889
0 0.239063 0.954167 0.018750 0.039815
0 0.956250 0.237963 0.044792 0.116667
0 0.660677 0.836574 0.007812 0.013889
0 0.563802 0.725000 0.007812 0.014815
0 0.522917 0.338426 0.110417 0.050926
