0 0.754167 0.823611 0.007292 0.012037
0 0.265625 0.218981 0.020833 0.069444
0 0.019531 0.478241 0.007812 0.013889
0 0.556250 0.449537 0.007292 0.012037
0 0.636458 0.162500 0.007292 0.013889
0 0.044792 0.740741 0.060417 0.046296
0 0.251563 0.084722 0.009375 0.017593
0 0.505208 0.944444 0.007292 0.012963
0 0.695052 0.777778 0.007812 0.014815
0 0.832031 0.104630 0.007812 0.012963
0 0.587240 0.853241 0.007812 0.013889
0 0.850000 0.041204 0.007292 0.013889
0 0.605469 0.648611 0.006771 0.012037
0 0.492708 0.156944 0.012500 0.023148
0 0.948958 0.141667 0.089583 0.177778
0 0.788281 0.008796 0.007812 0.013889
0 0.288021 0.725463 0.010417 0.019444
0 0.323177 0.772685 0.021354 0.036111
0 0.193229 0.874074 0.010417 0.018519
0 0.021875 0.304167 0.020833 0.037963
0 0.809375 0.833796 0.103125 0.080556
0 0.166927 0.008796 0.007812 0.012037
