0 0.058073 0.110648 0.008854 0.015741
0 0.421875 0.572685 0.090625 0.145370
0 0.247917 0.052778 0.008333 0.014815
0 0.518750 0.320833 0.007292 0.013889
0 0.661458 0.115278 0.009375 0.015741
0 0.315625 0.183333 0.010417 0.016667
0 0.918229 0.037037 0.009375 0.014815
0 0.920833 0.009722 0.007292 0.012037
0 0.655208 0.950926 0.010417 0.018519
0 0.614844 0.731944 0.007812 0.017593
0 0.659115 0.741667 0.008854 0.014815
0 0.489063 0.458796 0.007292 0.015741
0 0.581250 0.653241 0.007292 0.012037
0 0.542708 0.705556 0.010417 0.020370
0 0.144792 0.209722 0.040625 0.126852
0 0.334375 0.176852 0.011458 0.014815
