0 0.452865 0.054630 0.007812 0.014815
0 0.371354 0.176852 0.007292 0.012963
0 0.311719 0.453241 0.007812 0.013889
0 0.104427 0.956944 0.006771 0.012037
0 0.222917 0.015278 0.179167 0.021296
0 0.921354 0.971759 0.010417 0.019444
0 0.097396 0.312500 0.011458 0.019444
0 0.321875 0.043056 0.013542 0.086111
0 0.446094 0.037037 0.006771 0.011111
0 0.733854 0.099074 0.009375 0.016667
0 0.217448 0.191204 0.028646 0.065741
0 0.150781 0.664815 0.009896 0.020370
0 0.406771 0.662037 0.009375 0.016667
0 0.404427 0.701852 0.007812 0.012963
0 0.668490 0.231944 0.007812 0.013889
0 0.654167 0.049074 0.006250 0.011111
0 0.711719 0.171296 0.010937 0.020370
0 0.534635 0.713889 0.013021 0.022222
0 0.921354 0.785185 0.008333 0.014815
0 0.401562 0.287500 0.006250 0.012037
0 0.441927 0.424537 0.006771 0.012037
