0 0.309115 0.079630 0.008854 0.014815
0 0.279948 0.126852 0.016146 0.033333
0 0.522656 0.097685 0.026562 0.050926
0 0.270833 0.904630 0.028125 0.188889
0 0.788021 0.407870 0.010417 0.017593
0 0.916146 0.575000 0.012500 0.022222
0 0.042188 0.097685 0.008333 0.015741
0 0.038542 0.159259 0.008333 0.014815
0 0.765104 0.621296 0.018750 0.042593
0 0.091406 0.594444 0.013021 0.022222
0 0.858073 0.414815 0.007812 0.012963
0 0.969792 0.478704 0.036458 0.057407
0 0.534896 0.758796 0.012500 0.025000
0 0.748698 0.623611 0.009896 0.019444
0 0.892708 0.877315 0.026042 0.037963
0 0.823177 0.887963 0.039062 0.151852
0 0.862500 0.893981 0.013542 0.023148
0 0.927344 0.674537 0.054688 0.019444
0 0.665625 0.969444 0.025000 0.038889
0 0.306250 0.896296 0.009375 0.018519
0 0.297135 0.896759 0.009896 0.021296
0 0.152865 0.396296 0.018229 0.035185
0 0.324219 0.184722 0.027604 0.049074
0 0.345052 0.140741 0.008854 0.014815
0 0.332031 0.148148 0.006771 0.014815
