0 0.111719 0.700926 0.024479 0.033333
0 0.529948 0.585185 0.009896 0.014815
0 0.525781 0.599074 0.008854 0.014815
0 0.765625 0.886574 0.027083 0.047222
0 0.489063 0.870833 0.017708 0.097222
0 0.632031 0.900000 0.009896 0.018519
0 0.611458 0.914815 0.021875 0.033333
0 0.519792 0.468981 0.036458 0.058333
0 0.017708 0.474074 0.009375 0.014815
0 0.147917 0.038889 0.019792 0.050000
0 0.600000 0.541204 0.019792 0.047222
0 0.475260 0.803704 0.008854 0.016667
0 0.329167 0.828241 0.238542 0.110185
0 0.122917 0.572685 0.009375 0.013889
0 0.293750 0.058796 0.062500 0.104630
0 0.940365 0.119907 0.009896 0.013889
0 0.935677 0.134259 0.007812 0.014815
