0 0.095833 0.027778 0.006250 0.011111
0 0.158333 0.517593 0.009375 0.016667
0 0.004948 0.123148 0.009896 0.020370
0 0.569271 0.230556 0.012500 0.020370
0 0.818750 0.504167 0.009375 0.019444
0 0.578385 0.080093 0.020313 0.034259
0 0.734115 0.072685 0.006771 0.012037
0 0.648177 0.369907 0.008854 0.017593
0 0.512500 0.695833 0.009375 0.017593
0 0.656250 0.139352 0.056250 0.108333
0 0.719271 0.216667 0.010417 0.016667
0 0.160417 0.037037 0.008333 0.014815
0 0.822135 0.120833 0.013021 0.021296
0 0.520833 0.899074 0.009375 0.016667
0 0.014844 0.163889 0.029687 0.061111
0 0.191927 0.680556 0.042188 0.035185
