0 0.051302 0.491667 0.052604 0.050000
0 0.488802 0.851852 0.089063 0.064815
0 0.805990 0.459259 0.011979 0.020370
0 0.192448 0.013426 0.010937 0.019444
0 0.159115 0.181019 0.014063 0.025000
0 0.465365 0.525926 0.011979 0.022222
0 0.192448 0.012963 0.010937 0.018519
0 0.850000 0.330556 0.009375 0.016667
0 0.851823 0.143981 0.013021 0.023148
0 0.910677 0.475463 0.113021 0.021296
0 0.765885 0.801389 0.018229 0.106481
0 0.952604 0.740741 0.019792 0.033333
0 0.032813 0.424537 0.011458 0.021296
0 0.063542 0.101852 0.121875 0.079630
0 0.957292 0.568981 0.011458 0.023148
0 0.079167 0.534259 0.009375 0.016667
0 0.911719 0.131019 0.007812 0.075000
