0 0.554167 0.163889 0.065625 0.292593
0 0.458073 0.254630 0.009896 0.050000
0 0.384896 0.020833 0.025000 0.039815
0 0.007552 0.812037 0.008854 0.014815
0 0.444792 0.758333 0.050000 0.072222
0 0.145833 0.835648 0.027083 0.047222
0 0.145573 0.429630 0.027604 0.048148
0 0.299740 0.571759 0.039062 0.058333
0 0.811458 0.400926 0.036458 0.057407
0 0.868490 0.420833 0.011979 0.017593
0 0.715625 0.883796 0.018750 0.039815
0 0.816927 0.888889 0.018229 0.040741
0 0.801562 0.972685 0.008333 0.015741
0 0.671875 0.745370 0.011458 0.020370
0 0.638802 0.924074 0.009896 0.018519
0 0.435677 0.875926 0.370312 0.125926
0 0.530729 0.328241 0.017708 0.032407
0 0.173958 0.429630 0.009375 0.016667
0 0.625521 0.546296 0.016667 0.101852
0 0.520052 0.930093 0.008854 0.017593
0 0.155208 0.921296 0.009375 0.016667
0 0.948177 0.895833 0.007812 0.013889
0 0.363021 0.041204 0.010417 0.019444
0 0.574479 0.652778 0.007292 0.012963
0 0.922656 0.676852 0.007812 0.014815
0 0.381771 0.111574 0.008333 0.015741
0 0.231510 0.029167 0.081771 0.054630
0 0.271354 0.088889 0.107292 0.124074
0 0.337760 0.647222 0.023438 0.144444
0 0.224740 0.284259 0.057813 0.105556
