0 0.988802 0.271759 0.018229 0.026852
0 0.691146 0.137037 0.031250 0.044444
0 0.842969 0.461574 0.107813 0.115741
0 0.406510 0.272685 0.018229 0.034259
0 0.572396 0.230556 0.016667 0.037037
0 0.298177 0.590278 0.016146 0.041667
0 0.376042 0.053241 0.020833 0.036111
0 0.373177 0.250000 0.023438 0.031481
0 0.013802 0.322685 0.027604 0.117593
0 0.313542 0.107407 0.020833 0.035185
0 0.794010 0.990741 0.007812 0.012963
0 0.243750 0.719907 0.012500 0.026852
0 0.397656 0.856481 0.008854 0.018519
0 0.673698 0.088889 0.023438 0.037037
0 0.809896 0.880093 0.020833 0.032407
0 0.883594 0.856019 0.019271 0.037963
0 0.225260 0.099074 0.017188 0.033333
0 0.573698 0.611111 0.018229 0.027778
0 0.755208 0.674074 0.021875 0.035185
0 0.529167 0.838889 0.017708 0.027778
0 0.845573 0.230093 0.022396 0.036111
0 0.786458 0.032870 0.018750 0.034259
