0 0.854688 0.300463 0.009375 0.015741
0 0.751823 0.422222 0.006771 0.016667
0 0.842708 0.387037 0.010417 0.016667
0 0.227604 0.063889 0.009375 0.016667
0 0.104688 0.019444 0.011458 0.016667
0 0.075000 0.118519 0.009375 0.016667
0 0.154948 0.559259 0.008854 0.016667
0 0.101562 0.452778 0.010417 0.016667
0 0.214844 0.182870 0.007812 0.013889
0 0.790885 0.481944 0.009896 0.017593
0 0.403906 0.832870 0.007812 0.013889
0 0.643490 0.437500 0.007812 0.013889
0 0.329167 0.187500 0.042708 0.356481
0 0.226302 0.968981 0.008854 0.019444
0 0.626042 0.138889 0.007292 0.012963
0 0.006250 0.345833 0.009375 0.015741
0 0.929948 0.603241 0.009896 0.017593
0 0.059115 0.357407 0.009896 0.016667
0 0.059375 0.357407 0.009375 0.016667
0 0.233854 0.926852 0.018750 0.129630
0 0.626823 0.832870 0.008854 0.015741
0 0.685677 0.936574 0.008854 0.121296
0 0.730208 0.705093 0.009375 0.015741
0 0.639062 0.791204 0.007292 0.013889
