0 0.340104 0.694444 0.020833 0.033333
0 0.262500 0.106944 0.016667 0.036111
0 0.932813 0.484722 0.021875 0.032407
0 0.537760 0.556944 0.038021 0.084259
0 0.957031 0.376852 0.008854 0.014815
0 0.496875 0.742593 0.008333 0.014815
0 0.184115 0.886111 0.020313 0.090741
0 0.209896 0.664815 0.009375 0.016667
0 0.382031 0.311574 0.013021 0.023148
0 0.583073 0.902315 0.008854 0.015741
0 0.297656 0.915741 0.018229 0.035185
0 0.212760 0.368519 0.006771 0.012963
0 0.991146 0.162963 0.009375 0.016667
0 0.452604 0.410185 0.022917 0.046296
0 0.065625 0.098611 0.020833 0.043519
0 0.050521 0.007870 0.067708 0.015741
0 0.372396 0.055556 0.050000 0.111111
0 0.645312 0.540741 0.009375 0.016667
0 0.820573 0.758796 0.021354 0.036111
0 0.350000 0.852315 0.021875 0.034259
