0 0.827083 0.529630 0.008333 0.014815
0 0.408333 0.869907 0.054167 0.026852
0 0.779687 0.744907 0.009375 0.017593
0 0.442708 0.031944 0.006250 0.060185
0 0.097656 0.480556 0.021354 0.038889
0 0.622917 0.578241 0.010417 0.019444
0 0.257552 0.695833 0.007812 0.019444
0 0.330729 0.100463 0.027083 0.067593
0 0.061458 0.720370 0.051042 0.027778
0 0.006250 0.725926 0.012500 0.038889
0 0.739583 0.237037 0.023958 0.033333
0 0.330469 0.931481 0.021354 0.042593
0 0.858333 0.201852 0.017708 0.037037
0 0.646094 0.344907 0.022396 0.032407
0 0.406510 0.574537 0.008854 0.015741
0 0.615365 0.312500 0.079687 0.043519
0 0.400781 0.046759 0.007812 0.013889
0 0.228385 0.941204 0.021354 0.049074
