0 0.134896 0.372685 0.014583 0.026852
0 0.788021 0.085185 0.009375 0.166667
0 0.809115 0.954167 0.016146 0.025000
0 0.287760 0.853704 0.008854 0.014815
0 0.467708 0.271759 0.008333 0.015741
0 0.525260 0.480556 0.006771 0.012963
0 0.606250 0.899074 0.007292 0.012963
0 0.382031 0.347222 0.023438 0.170370
0 0.888802 0.976852 0.103646 0.037037
0 0.598177 0.651389 0.009896 0.017593
0 0.295312 0.376389 0.068750 0.112037
0 0.105208 0.492130 0.015625 0.025000
0 0.627604 0.566204 0.008333 0.015741
0 0.355990 0.402778 0.077604 0.022222
0 0.355729 0.418519 0.007292 0.018519
0 0.457031 0.438889 0.009896 0.020370
0 0.510417 0.891204 0.025000 0.047222
0 0.044271 0.702778 0.016667 0.040741
