0 0.070833 0.088889 0.007292 0.012963
0 0.062760 0.087037 0.006771 0.012963
0 0.732812 0.729167 0.008333 0.013889
0 0.657552 0.631481 0.007812 0.014815
0 0.366927 0.705093 0.008854 0.015741
0 0.432031 0.323148 0.046354 0.162963
0 0.369010 0.546759 0.038021 0.150926
0 0.520833 0.265741 0.008333 0.018519
0 0.536458 0.305556 0.007292 0.012963
0 0.701302 0.186111 0.008854 0.016667
0 0.936198 0.162037 0.008854 0.018519
0 0.051562 0.110185 0.035417 0.031481
0 0.705208 0.621296 0.007292 0.014815
0 0.657552 0.765741 0.009896 0.018519
0 0.685937 0.216204 0.008333 0.017593
0 0.364063 0.737037 0.008333 0.012963
0 0.764323 0.780093 0.007812 0.013889
0 0.142448 0.058796 0.007812 0.013889
0 0.894271 0.252315 0.009375 0.017593
0 0.367448 0.231944 0.007812 0.013889
0 0.266146 0.109722 0.026042 0.050926
0 0.677865 0.824537 0.007812 0.013889
0 0.224219 0.324074 0.007812 0.012963
0 0.646875 0.306481 0.008333 0.014815
0 0.582292 0.989815 0.008333 0.014815
0 0.067448 0.129167 0.016146 0.052778
0 0.285417 0.967593 0.010417 0.016667
0 0.231771 0.876389 0.022917 0.043519
0 0.106510 0.831481 0.009896 0.014815
0 0.111198 0.843056 0.008854 0.013889
0 0.030729 0.518056 0.009375 0.015741
0 0.550781 0.307870 0.009896 0.015741
0 0.542969 0.321296 0.006771 0.012963
0 0.533333 0.323611 0.007292 0.012037
