0 0.598437 0.708333 0.008333 0.014815
0 0.261979 0.750926 0.008333 0.014815
0 0.463021 0.535185 0.008333 0.014815
0 0.064062 0.785648 0.042708 0.034259
0 0.054167 0.064815 0.007292 0.012963
0 0.460938 0.362963 0.007292 0.012963
0 0.864062 0.516204 0.009375 0.015741
0 0.307292 0.833796 0.008333 0.015741
0 0.082292 0.651389 0.008333 0.013889
0 0.542448 0.744444 0.007812 0.014815
0 0.718490 0.229630 0.009896 0.016667
0 0.628646 0.669907 0.008333 0.015741
0 0.383333 0.944444 0.029167 0.094444
0 0.427083 0.751852 0.072917 0.087037
0 0.472917 0.135185 0.010417 0.022222
0 0.068229 0.540741 0.020833 0.072222
0 0.307812 0.159722 0.039583 0.076852
0 0.205208 0.230093 0.028125 0.112037
0 0.335417 0.226389 0.018750 0.049074
0 0.341406 0.727778 0.007812 0.014815
0 0.373177 0.775926 0.122396 0.024074
0 0.102604 0.885185 0.052083 0.083333
0 0.067448 0.821759 0.006771 0.012037
0 0.116406 0.808333 0.005729 0.011111
