0 0.085938 0.551389 0.008333 0.015741
0 0.027865 0.014815 0.010937 0.016667
0 0.122135 0.539815 0.011979 0.018519
0 0.116406 0.254630 0.008854 0.016667
0 0.586979 0.216667 0.009375 0.018519
0 0.651563 0.857870 0.008333 0.017593
0 0.821354 0.678704 0.009375 0.020370
0 0.870573 0.405093 0.009896 0.017593
0 0.866406 0.626852 0.032813 0.066667
0 0.908073 0.475000 0.023438 0.079630
0 0.436458 0.850926 0.056250 0.068519
0 0.448958 0.494907 0.008333 0.015741
0 0.721615 0.701389 0.007812 0.013889
0 0.630208 0.656019 0.008333 0.013889
0 0.168490 0.333333 0.007812 0.059259
0 0.789844 0.406019 0.009896 0.017593
