0 0.546354 0.643519 0.010417 0.018519
0 0.420833 0.720370 0.019792 0.037037
0 0.934896 0.289815 0.009375 0.014815
0 0.181510 0.058796 0.066146 0.023148
0 0.957292 0.816667 0.022917 0.035185
0 0.906510 0.446759 0.019271 0.039815
0 0.689063 0.086111 0.011458 0.022222
0 0.756510 0.099074 0.036979 0.064815
0 0.802865 0.079167 0.009896 0.021296
0 0.670312 0.242593 0.009375 0.016667
0 0.032813 0.941204 0.011458 0.017593
0 0.239063 0.316204 0.010417 0.019444
0 0.445833 0.139352 0.064583 0.030556
0 0.913281 0.028704 0.038021 0.057407
0 0.286458 0.242593 0.097917 0.059259
0 0.928385 0.462037 0.009896 0.016667
0 0.122135 0.580556 0.053646 0.068519
