0 0.354427 0.610648 0.008854 0.015741
0 0.143750 0.163889 0.008333 0.014815
0 0.404948 0.237037 0.009896 0.016667
0 0.158073 0.612963 0.008854 0.014815
0 0.511719 0.380093 0.230729 0.158333
0 0.264323 0.087963 0.008854 0.016667
0 0.889583 0.602778 0.018750 0.031481
0 0.235156 0.047222 0.009896 0.016667
0 0.129688 0.865278 0.021875 0.034259
0 0.937240 0.031481 0.021354 0.029630
0 0.989583 0.064352 0.011458 0.015741
0 0.972396 0.158333 0.009375 0.016667
0 0.909896 0.077778 0.009375 0.016667
0 0.131510 0.091667 0.029687 0.042593
0 0.358854 0.953704 0.006250 0.011111
0 0.305208 0.674537 0.023958 0.058333
0 0.080990 0.036111 0.009896 0.014815
0 0.434635 0.064352 0.008854 0.015741
