0 0.267708 0.234259 0.008333 0.014815
0 0.140365 0.196759 0.010937 0.017593
0 0.400000 0.376852 0.009375 0.016667
0 0.128906 0.848611 0.009896 0.017593
0 0.850781 0.056481 0.008854 0.014815
0 0.266927 0.146296 0.008854 0.016667
0 0.250000 0.599074 0.009375 0.016667
0 0.661198 0.467130 0.009896 0.019444
0 0.214844 0.681019 0.008854 0.015741
0 0.370573 0.602778 0.016146 0.027778
0 0.075000 0.470833 0.021875 0.039815
0 0.064583 0.534259 0.017708 0.029630
0 0.769010 0.939352 0.019271 0.032407
0 0.477083 0.346759 0.005208 0.010185
