0 0.063802 0.686574 0.019271 0.034259
0 0.114844 0.821759 0.009896 0.017593
0 0.942448 0.119907 0.019271 0.041667
0 0.898177 0.671759 0.020313 0.043519
0 0.837760 0.447222 0.017188 0.033333
0 0.484375 0.872685 0.041667 0.058333
0 0.488802 0.775000 0.058854 0.020370
0 0.488542 0.083796 0.016667 0.036111
0 0.968229 0.194444 0.026042 0.033333
0 0.972917 0.379167 0.017708 0.028704
0 0.872656 0.552315 0.021354 0.075000
0 0.972917 0.553704 0.012500 0.024074
0 0.655729 0.946296 0.010417 0.016667
0 0.610938 0.904167 0.016667 0.036111
0 0.536719 0.938889 0.047396 0.050000
0 0.411979 0.474074 0.036458 0.094444
0 0.521094 0.206944 0.019271 0.037963
0 0.715625 0.353704 0.042708 0.066667
