0 0.675000 0.261111 0.012500 0.022222
0 0.592448 0.131944 0.046354 0.030556
0 0.521875 0.148148 0.055208 0.111111
0 0.109635 0.497685 0.008854 0.015741
0 0.525000 0.537963 0.008333 0.014815
0 0.380469 0.391204 0.011979 0.017593
0 0.798177 0.112500 0.007812 0.013889
0 0.665104 0.076852 0.020833 0.035185
0 0.635417 0.181481 0.009375 0.016667
0 0.435937 0.431019 0.008333 0.013889
0 0.583594 0.130556 0.008854 0.014815
0 0.873437 0.027778 0.009375 0.016667
0 0.019531 0.101852 0.010937 0.016667
0 0.576562 0.160648 0.008333 0.017593
0 0.090104 0.967130 0.008333 0.015741
0 0.109635 0.311574 0.017188 0.032407
