0 0.247917 0.298148 0.009375 0.016667
0 0.784635 0.918519 0.035937 0.061111
0 0.124219 0.930093 0.014063 0.030556
0 0.725260 0.705556 0.010937 0.016667
0 0.932031 0.055093 0.023438 0.036111
0 0.235677 0.629630 0.007812 0.012963
0 0.804948 0.754630 0.007812 0.012963
0 0.352344 0.327315 0.006771 0.012037
0 0.483073 0.938426 0.050521 0.102778
0 0.561198 0.740741 0.015104 0.029630
0 0.670052 0.489815 0.017188 0.037037
0 0.832552 0.567130 0.010937 0.019444
0 0.817448 0.532407 0.105729 0.227778
0 0.924740 0.511574 0.014063 0.026852
