0 0.191927 0.897685 0.007812 0.013889
0 0.235677 0.045833 0.064062 0.091667
0 0.446094 0.840278 0.022396 0.110185
0 0.590365 0.413889 0.011979 0.018519
0 0.388802 0.750463 0.021354 0.036111
0 0.842969 0.282870 0.016146 0.099074
0 0.819010 0.299074 0.008854 0.022222
0 0.057552 0.913426 0.006771 0.012037
0 0.711458 0.787963 0.083333 0.151852
0 0.557552 0.359259 0.009896 0.016667
0 0.934635 0.785648 0.021354 0.063889
0 0.204167 0.548611 0.007292 0.012037
0 0.598958 0.522685 0.009375 0.015741
0 0.434115 0.157870 0.029687 0.041667
0 0.236198 0.489352 0.034896 0.039815
0 0.486719 0.104630 0.007812 0.014815
0 0.235677 0.377778 0.031771 0.072222
0 0.686458 0.410185 0.088542 0.185185
0 0.334375 0.287963 0.008333 0.014815
