0 0.374479 0.931481 0.007292 0.018519
0 0.052604 0.378704 0.041667 0.103704
0 0.059635 0.397222 0.007812 0.012963
0 0.116406 0.019444 0.055729 0.033333
0 0.279427 0.759722 0.007812 0.013889
0 0.189844 0.656019 0.035937 0.093519
0 0.231510 0.921296 0.020313 0.085185
0 0.092188 0.268519 0.008333 0.014815
0 0.570573 0.703704 0.007812 0.014815
0 0.017188 0.615278 0.016667 0.165741
0 0.113281 0.770370 0.009896 0.016667
0 0.255990 0.418056 0.006771 0.012037
0 0.823958 0.177315 0.037500 0.075000
0 0.325781 0.375463 0.007812 0.015741
0 0.517708 0.749537 0.068750 0.054630
