0 0.680729 0.337500 0.009375 0.017593
0 0.353385 0.310185 0.019271 0.037037
0 0.393750 0.187037 0.036458 0.085185
0 0.542969 0.712500 0.008854 0.078704
0 0.835156 0.389352 0.024479 0.030556
0 0.900781 0.397685 0.024479 0.030556
0 0.920052 0.830093 0.008854 0.019444
0 0.896875 0.849537 0.023958 0.039815
0 0.687760 0.904167 0.029687 0.095370
0 0.716146 0.943981 0.007292 0.015741
0 0.063281 0.942593 0.024479 0.029630
0 0.622396 0.712500 0.009375 0.015741
0 0.687240 0.621759 0.008854 0.015741
0 0.734375 0.881944 0.008333 0.015741
0 0.632292 0.231944 0.015625 0.034259
0 0.584896 0.579630 0.010417 0.018519
