0 0.133333 0.128241 0.063542 0.087963
0 0.245052 0.093981 0.056771 0.100926
0 0.915625 0.132407 0.038542 0.061111
0 0.190885 0.113426 0.063021 0.087963
0 0.303646 0.185185 0.026042 0.096296
0 0.668229 0.527778 0.010417 0.014815
0 0.468490 0.785185 0.011979 0.020370
0 0.430990 0.643519 0.010937 0.022222
0 0.607812 0.405093 0.011458 0.017593
0 0.372656 0.733333 0.024479 0.044444
0 0.767969 0.814352 0.053646 0.113889
0 0.785677 0.889815 0.011979 0.022222
0 0.194792 0.971296 0.008333 0.014815
0 0.974479 0.458333 0.010417 0.020370
0 0.604167 0.362037 0.014583 0.024074
0 0.265625 0.236111 0.006250 0.011111
0 0.751563 0.961574 0.007292 0.013889
0 0.477604 0.497222 0.008333 0.014815
0 0.583073 0.691204 0.083854 0.026852
