0 0.040104 0.625000 0.054167 0.070370
0 0.154427 0.514352 0.040104 0.047222
0 0.343750 0.682870 0.022917 0.032407
0 0.277865 0.729167 0.017188 0.026852
0 0.176563 0.481019 0.009375 0.015741
0 0.783854 0.202778 0.011458 0.020370
0 0.632031 0.184722 0.016146 0.028704
0 0.901042 0.743981 0.027083 0.037963
0 0.084635 0.612963 0.021354 0.042593
0 0.666406 0.175463 0.018229 0.054630
0 0.381250 0.176852 0.009375 0.018519
0 0.897135 0.151852 0.010937 0.020370
0 0.236979 0.364352 0.009375 0.017593
0 0.980208 0.944907 0.025000 0.034259
0 0.573438 0.285185 0.053125 0.070370
0 0.439323 0.426389 0.031771 0.054630
0 0.207031 0.114352 0.024479 0.039815
0 0.817448 0.150463 0.019271 0.034259
0 0.554167 0.889352 0.075000 0.143519
0 0.877604 0.850000 0.054167 0.094444
0 0.410417 0.263426 0.023958 0.039815
0 0.728646 0.499537 0.020833 0.036111
0 0.165625 0.406944 0.019792 0.032407
