0 0.792448 0.423611 0.165104 0.425000
0 0.143229 0.115278 0.009375 0.015741
0 0.946094 0.165278 0.008854 0.015741
0 0.120833 0.285185 0.009375 0.016667
0 0.771875 0.910185 0.008333 0.014815
0 0.464583 0.737963 0.007292 0.012963
0 0.769010 0.618981 0.008854 0.015741
0 0.505729 0.445370 0.007292 0.012963
0 0.476562 0.141667 0.008333 0.014815
0 0.774219 0.444907 0.007812 0.013889
0 0.386979 0.321759 0.008333 0.013889
0 0.614062 0.764815 0.007292 0.012963
0 0.972135 0.187037 0.019271 0.037037
0 0.539844 0.320833 0.022396 0.032407
0 0.341927 0.137037 0.018229 0.046296
0 0.046615 0.258333 0.024479 0.046296
0 0.121094 0.053241 0.015104 0.030556
0 0.653646 0.200463 0.008333 0.015741
