0 0.763281 0.944907 0.018229 0.041667
0 0.820833 0.006944 0.008333 0.012037
0 0.792708 0.276389 0.023958 0.032407
0 0.473698 0.191204 0.021354 0.032407
0 0.072396 0.725926 0.025000 0.031481
0 0.264323 0.180556 0.011979 0.018519
0 0.976823 0.168519 0.009896 0.016667
0 0.110677 0.910185 0.008854 0.016667
0 0.500781 0.860648 0.011979 0.017593
0 0.975521 0.384259 0.009375 0.016667
0 0.497917 0.347685 0.016667 0.036111
0 0.585677 0.537963 0.019271 0.040741
0 0.605729 0.525463 0.009375 0.015741
0 0.094792 0.542130 0.008333 0.015741
0 0.457813 0.458796 0.009375 0.017593
0 0.202083 0.436574 0.120833 0.213889
