0 0.953125 0.696296 0.037500 0.070370
0 0.927865 0.971296 0.006771 0.011111
0 0.689063 0.040278 0.007292 0.012037
0 0.596875 0.260648 0.008333 0.015741
0 0.856771 0.446759 0.010417 0.019444
0 0.278125 0.677778 0.005208 0.009259
0 0.875521 0.068519 0.009375 0.014815
0 0.076302 0.234722 0.025521 0.039815
0 0.207813 0.046759 0.026042 0.037963
0 0.353385 0.121296 0.024479 0.046296
0 0.481510 0.238426 0.019271 0.034259
0 0.777083 0.377315 0.019792 0.036111
0 0.646615 0.179630 0.022396 0.033333
0 0.907813 0.807407 0.022917 0.035185
0 0.672135 0.297222 0.018229 0.027778
0 0.427344 0.494444 0.011979 0.022222
0 0.270313 0.679630 0.007292 0.012963
