0 0.953906 0.636111 0.010937 0.020370
0 0.207031 0.574537 0.011979 0.021296
0 0.467708 0.371296 0.009375 0.016667
0 0.506510 0.388889 0.010937 0.020370
0 0.658854 0.015741 0.006250 0.011111
0 0.306771 0.851852 0.007292 0.012963
0 0.969792 0.880556 0.009375 0.016667
0 0.765365 0.687037 0.007812 0.014815
0 0.587760 0.051389 0.008854 0.015741
0 0.526042 0.458796 0.053125 0.125000
0 0.495573 0.720833 0.008854 0.015741
0 0.618229 0.572685 0.008333 0.015741
0 0.655208 0.565278 0.016667 0.073148
0 0.675260 0.842130 0.009896 0.021296
0 0.332813 0.386111 0.007292 0.014815
0 0.340104 0.380093 0.007292 0.013889
0 0.858073 0.837963 0.008854 0.016667
0 0.004948 0.148148 0.006771 0.014815
0 0.116146 0.822222 0.021875 0.033333
0 0.495573 0.402315 0.009896 0.017593
0 0.358594 0.795833 0.008854 0.013889
0 0.605469 0.433333 0.009896 0.016667
