0 0.506771 0.949537 0.056250 0.087963
0 0.123698 0.088889 0.009896 0.018519
0 0.375000 0.638426 0.011458 0.065741
0 0.219531 0.429167 0.075521 0.125000
0 0.940104 0.715741 0.058333 0.059259
0 0.198177 0.829630 0.007812 0.012963
0 0.582292 0.477778 0.043750 0.014815
0 0.184375 0.632407 0.058333 0.087037
0 0.619531 0.053241 0.007812 0.013889
0 0.578385 0.631481 0.007812 0.014815
0 0.679427 0.445370 0.007812 0.014815
0 0.946094 0.387500 0.059896 0.025000
0 0.873698 0.123611 0.007812 0.013889
0 0.665885 0.044907 0.017188 0.058333
0 0.736198 0.245833 0.008854 0.015741
0 0.439583 0.920370 0.053125 0.155556
0 0.567708 0.320833 0.064583 0.230556
0 0.436198 0.125463 0.007812 0.100926
0 0.556250 0.015741 0.006250 0.011111
0 0.772135 0.649537 0.045312 0.056481
0 0.524740 0.992130 0.006771 0.012037
0 0.089583 0.431019 0.009375 0.017593
0 0.757292 0.462037 0.022917 0.038889
