0 0.830208 0.600463 0.011458 0.017593
0 0.168490 0.876852 0.022396 0.246296
0 0.208594 0.993519 0.008854 0.011111
0 0.270313 0.817593 0.039583 0.118519
0 0.188021 0.881944 0.030208 0.050926
0 0.171354 0.080556 0.044792 0.064815
0 0.351823 0.367593 0.007812 0.012963
0 0.517969 0.200926 0.008854 0.014815
0 0.865625 0.045370 0.007292 0.012963
0 0.018229 0.563426 0.020833 0.032407
0 0.747135 0.084722 0.007812 0.012037
0 0.554427 0.228241 0.007812 0.013889
0 0.402604 0.185648 0.046875 0.069444
0 0.731250 0.811574 0.008333 0.013889
0 0.305990 0.437963 0.008854 0.014815
0 0.730469 0.623611 0.009896 0.017593
0 0.167708 0.298611 0.011458 0.041667
0 0.286198 0.060648 0.010937 0.017593
