0 0.770052 0.528704 0.013021 0.024074
0 0.540104 0.949074 0.006250 0.014815
0 0.445312 0.953241 0.046875 0.060185
0 0.310417 0.314815 0.006250 0.012963
0 0.838281 0.469444 0.022396 0.040741
0 0.830990 0.731944 0.032813 0.049074
0 0.501823 0.704167 0.009896 0.019444
0 0.547135 0.706019 0.018229 0.032407
0 0.963021 0.798611 0.019792 0.039815
0 0.571354 0.393981 0.023958 0.034259
0 0.908854 0.236574 0.107292 0.045370
0 0.778906 0.326389 0.008854 0.015741
0 0.369792 0.276389 0.008333 0.015741
0 0.184896 0.962963 0.009375 0.016667
0 0.358333 0.979167 0.020833 0.037963
0 0.486719 0.739352 0.010937 0.019444
0 0.378385 0.920833 0.011979 0.025000
0 0.544531 0.450926 0.047396 0.079630
0 0.070573 0.948611 0.023438 0.045370
0 0.907813 0.803704 0.016667 0.033333
0 0.547396 0.949074 0.007292 0.012963
