0 0.794010 0.326389 0.009896 0.017593
0 0.373177 0.416204 0.009896 0.012037
0 0.364583 0.434722 0.006250 0.012037
0 0.369792 0.439352 0.006250 0.012037
0 0.363021 0.450000 0.007292 0.014815
0 0.562500 0.335648 0.009375 0.015741
0 0.715365 0.274537 0.008854 0.015741
0 0.390365 0.604630 0.009896 0.012963
0 0.981250 0.886111 0.014583 0.046296
0 0.650781 0.099074 0.009896 0.016667
0 0.785156 0.568056 0.007812 0.013889
0 0.273958 0.627778 0.007292 0.012963
0 0.339323 0.651852 0.007812 0.014815
0 0.112760 0.928704 0.032813 0.062963
0 0.603906 0.822685 0.007812 0.013889
0 0.631510 0.766204 0.008854 0.015741
0 0.269271 0.459722 0.013542 0.037963
0 0.249740 0.477778 0.009896 0.016667
0 0.619271 0.765741 0.008333 0.014815
0 0.495833 0.093981 0.085417 0.021296
0 0.847656 0.325463 0.008854 0.015741
0 0.142448 0.837963 0.029687 0.103704
0 0.886198 0.369907 0.009896 0.017593
0 0.267448 0.362500 0.008854 0.013889
0 0.034115 0.893056 0.068229 0.156481
