0 0.352344 0.277778 0.073438 0.109259
0 0.520573 0.911574 0.009896 0.019444
0 0.436719 0.034259 0.008854 0.016667
0 0.576562 0.972685 0.025000 0.049074
0 0.642188 0.358796 0.032292 0.076852
0 0.130469 0.957870 0.052604 0.084259
0 0.359115 0.943519 0.048438 0.074074
0 0.554427 0.901852 0.008854 0.014815
0 0.940885 0.837500 0.044271 0.025000
0 0.404167 0.094444 0.056250 0.079630
0 0.829688 0.649074 0.011458 0.105556
0 0.450521 0.029630 0.008333 0.059259
0 0.826562 0.187963 0.018750 0.033333
0 0.782292 0.809259 0.013542 0.022222
0 0.464583 0.354167 0.023958 0.050926
0 0.332292 0.780093 0.022917 0.037963
0 0.755469 0.727315 0.024479 0.041667
