0 0.484635 0.318981 0.009896 0.015741
0 0.037500 0.793056 0.038542 0.065741
0 0.653125 0.368981 0.029167 0.078704
0 0.749479 0.964352 0.008333 0.015741
0 0.878385 0.314352 0.008854 0.015741
0 0.917188 0.371296 0.010417 0.018519
0 0.047917 0.333796 0.031250 0.026852
0 0.809375 0.466667 0.011458 0.018519
0 0.121875 0.980556 0.006250 0.009259
0 0.131510 0.880093 0.007812 0.017593
0 0.464844 0.351852 0.008854 0.014815
0 0.872135 0.330093 0.007812 0.013889
0 0.509115 0.727778 0.057813 0.022222
0 0.322135 0.138426 0.073438 0.082407
0 0.131510 0.218519 0.007812 0.012963
0 0.247656 0.881944 0.007812 0.013889
0 0.221094 0.011111 0.007812 0.012963
0 0.933854 0.571759 0.009375 0.015741
0 0.390885 0.468981 0.008854 0.017593
0 0.794531 0.891204 0.008854 0.015741
0 0.155469 0.229630 0.007812 0.014815
