0 0.881250 0.068056 0.025000 0.136111
0 0.611198 0.924537 0.017188 0.039815
0 0.763542 0.810185 0.010417 0.014815
0 0.133594 0.671296 0.014063 0.022222
0 0.972396 0.876852 0.011458 0.018519
0 0.471094 0.817593 0.022396 0.337037
0 0.705469 0.259722 0.006771 0.012037
0 0.925260 0.157870 0.007812 0.013889
0 0.038542 0.184259 0.011458 0.059259
0 0.702083 0.222685 0.009375 0.015741
0 0.148958 0.967130 0.017708 0.045370
0 0.836719 0.587500 0.008854 0.013889
0 0.529427 0.142130 0.007812 0.013889
0 0.213802 0.896296 0.015104 0.040741
