0 0.159635 0.193981 0.009896 0.017593
0 0.071094 0.372685 0.043229 0.075000
0 0.608073 0.473611 0.017188 0.030556
0 0.489063 0.562500 0.018750 0.032407
0 0.945573 0.187500 0.007812 0.013889
0 0.102083 0.611111 0.010417 0.016667
0 0.407552 0.160648 0.007812 0.013889
0 0.634115 0.803241 0.009896 0.017593
0 0.573698 0.156944 0.007812 0.013889
0 0.871354 0.143981 0.007292 0.012037
0 0.368490 0.408796 0.008854 0.015741
0 0.579688 0.077778 0.008333 0.014815
0 0.358854 0.492130 0.016667 0.036111
0 0.365625 0.131944 0.022917 0.034259
0 0.719531 0.034722 0.016146 0.043519
0 0.853125 0.473611 0.009375 0.019444
0 0.197656 0.559259 0.008854 0.012963
