0 0.552604 0.957870 0.009375 0.015741
0 0.621875 0.752315 0.048958 0.078704
0 0.877344 0.495833 0.007812 0.012037
0 0.886458 0.795370 0.009375 0.018519
0 0.639583 0.882407 0.016667 0.137037
0 0.341927 0.917593 0.015104 0.144444
0 0.164583 0.886111 0.007292 0.012963
0 0.461979 0.804630 0.009375 0.016667
0 0.715625 0.259259 0.008333 0.014815
0 0.753125 0.452778 0.009375 0.016667
0 0.299740 0.898148 0.007812 0.014815
0 0.739323 0.569444 0.010937 0.040741
0 0.596615 0.023611 0.007812 0.013889
0 0.261198 0.406481 0.006771 0.012963
0 0.823438 0.466204 0.008333 0.013889
0 0.177604 0.966204 0.007292 0.012037
0 0.447135 0.361574 0.008854 0.015741
0 0.199479 0.983796 0.008333 0.013889
0 0.255208 0.267130 0.014583 0.017593
0 0.590625 0.324537 0.006250 0.012037
0 0.240625 0.581481 0.008333 0.014815
0 0.367188 0.042130 0.012500 0.080556
0 0.311198 0.141204 0.041146 0.099074
0 0.150521 0.114815 0.076042 0.024074
0 0.511198 0.418056 0.008854 0.017593
0 0.552083 0.413889 0.038542 0.077778
0 0.646615 0.642593 0.008854 0.016667
