0 0.447396 0.718981 0.016667 0.028704
0 0.129688 0.112963 0.008333 0.014815
0 0.835677 0.554167 0.009896 0.015741
0 0.882812 0.340278 0.008333 0.013889
0 0.344792 0.440741 0.206250 0.322222
0 0.772917 0.991204 0.008333 0.015741
0 0.854688 0.906019 0.019792 0.026852
0 0.027344 0.943056 0.015104 0.036111
0 0.034635 0.110648 0.019271 0.034259
0 0.758854 0.622222 0.009375 0.014815
0 0.761979 0.870370 0.008333 0.014815
0 0.606510 0.129630 0.018229 0.031481
0 0.595833 0.074074 0.009375 0.016667
0 0.261458 0.031019 0.018750 0.023148
