0 0.470052 0.927778 0.101562 0.033333
0 0.078646 0.699537 0.039583 0.123148
0 0.228906 0.745833 0.083854 0.199074
0 0.358854 0.493981 0.062500 0.028704
0 0.277604 0.935648 0.030208 0.056481
0 0.654948 0.022685 0.008854 0.015741
0 0.209115 0.884722 0.007812 0.013889
0 0.151042 0.521296 0.008333 0.014815
0 0.555469 0.776389 0.007812 0.013889
0 0.026823 0.157407 0.008854 0.014815
0 0.614323 0.037500 0.009896 0.017593
0 0.443229 0.945833 0.019792 0.102778
0 0.342708 0.709722 0.067708 0.139815
0 0.248958 0.125000 0.069792 0.085185
0 0.207031 0.055093 0.023438 0.108333
0 0.388802 0.173611 0.032813 0.125000
0 0.355208 0.196759 0.008333 0.017593
0 0.892708 0.409259 0.055208 0.014815
0 0.929167 0.305556 0.010417 0.016667
0 0.995313 0.210648 0.009375 0.017593
0 0.146354 0.788889 0.009375 0.014815
0 0.070312 0.230556 0.015625 0.025926
