0 0.557031 0.177315 0.008854 0.017593
0 0.929688 0.215741 0.009375 0.016667
0 0.166146 0.574537 0.006250 0.012037
0 0.672396 0.711111 0.010417 0.018519
0 0.893229 0.480093 0.008333 0.013889
0 0.869531 0.268056 0.008854 0.015741
0 0.551042 0.331944 0.019792 0.039815
0 0.683333 0.253241 0.009375 0.019444
0 0.758854 0.302315 0.018750 0.030556
0 0.063542 0.173148 0.094792 0.057407
0 0.896354 0.193519 0.018750 0.037037
0 0.597917 0.816204 0.008333 0.017593
0 0.304167 0.528704 0.008333 0.014815
0 0.230729 0.529167 0.009375 0.015741
