0 0.982812 0.364815 0.018750 0.038889
0 0.308594 0.035185 0.026562 0.061111
0 0.299219 0.453704 0.025521 0.033333
0 0.041927 0.868519 0.019271 0.033333
0 0.894271 0.941204 0.017708 0.032407
0 0.430729 0.861574 0.020833 0.036111
0 0.942448 0.508333 0.020313 0.040741
0 0.894271 0.941204 0.017708 0.032407
0 0.881510 0.128241 0.025521 0.034259
0 0.876302 0.237500 0.014063 0.026852
0 0.717448 0.202315 0.022396 0.034259
0 0.430469 0.938889 0.019271 0.042593
0 0.921875 0.668981 0.008333 0.013889
0 0.289844 0.099074 0.009896 0.016667
0 0.650260 0.862500 0.019271 0.045370
0 0.819271 0.818519 0.019792 0.038889
0 0.210417 0.718056 0.016667 0.039815
0 0.459375 0.942593 0.021875 0.031481
