0 0.338802 0.545370 0.007812 0.012963
0 0.562240 0.603704 0.043229 0.094444
0 0.288802 0.037037 0.018229 0.053704
0 0.867708 0.793056 0.010417 0.015741
0 0.768490 0.212963 0.025521 0.035185
0 0.846875 0.372222 0.053125 0.037037
0 0.136719 0.487500 0.010937 0.019444
0 0.371094 0.293981 0.010937 0.021296
0 0.825000 0.441204 0.015625 0.025000
0 0.838021 0.331944 0.009375 0.015741
0 0.931510 0.192130 0.008854 0.015741
0 0.157292 0.633796 0.043750 0.071296
0 0.771094 0.279630 0.007812 0.012963
0 0.136198 0.232407 0.007812 0.014815
0 0.945312 0.177315 0.008333 0.015741
0 0.764323 0.360185 0.006771 0.012963
0 0.884375 0.699074 0.008333 0.014815
0 0.151823 0.958333 0.007812 0.014815
0 0.964583 0.809722 0.008333 0.017593
0 0.433854 0.440278 0.008333 0.080556
