0 0.423438 0.387500 0.010417 0.017593
0 0.423958 0.687037 0.014583 0.031481
0 0.958333 0.752315 0.022917 0.032407
0 0.983854 0.281481 0.019792 0.038889
0 0.888281 0.613889 0.010937 0.016667
0 0.783594 0.658796 0.016146 0.034259
0 0.248698 0.643519 0.014063 0.027778
0 0.942448 0.902315 0.008854 0.015741
0 0.473177 0.154167 0.036979 0.078704
0 0.110156 0.107407 0.009896 0.012963
0 0.134635 0.219444 0.009896 0.018519
0 0.174479 0.250926 0.009375 0.020370
0 0.514844 0.075926 0.007812 0.012963
0 0.536719 0.162963 0.009896 0.018519
