0 0.039323 0.907407 0.021354 0.042593
0 0.412240 0.353704 0.013021 0.016667
0 0.497396 0.621759 0.013542 0.023148
0 0.054948 0.407870 0.008854 0.015741
0 0.340885 0.072685 0.010937 0.019444
0 0.727604 0.243519 0.103125 0.083333
0 0.425521 0.499074 0.023958 0.038889
0 0.225521 0.203241 0.022917 0.034259
0 0.289323 0.555556 0.045312 0.068519
0 0.260677 0.375000 0.031771 0.050000
0 0.668229 0.877778 0.053125 0.020370
0 0.942969 0.439352 0.017188 0.028704
0 0.911719 0.566667 0.020313 0.029630
0 0.642708 0.769907 0.009375 0.015741
0 0.582812 0.504630 0.023958 0.033333
0 0.841667 0.693981 0.019792 0.028704
0 0.598698 0.538889 0.009896 0.014815
0 0.741667 0.617593 0.011458 0.014815
