0 0.405990 0.941667 0.004687 0.009259
0 0.285156 0.187500 0.007812 0.012037
0 0.092188 0.208796 0.027083 0.049074
0 0.648958 0.422685 0.011458 0.021296
0 0.077865 0.400463 0.016146 0.028704
0 0.461719 0.884259 0.092188 0.187037
0 0.065365 0.054630 0.008854 0.016667
0 0.214844 0.660648 0.008854 0.015741
0 0.348177 0.409259 0.009896 0.016667
0 0.916146 0.707870 0.009375 0.015741
0 0.545573 0.059722 0.023438 0.036111
0 0.866146 0.985185 0.013542 0.018519
0 0.984635 0.218056 0.022396 0.036111
0 0.649479 0.560648 0.007292 0.013889
0 0.682552 0.448148 0.030729 0.062963
0 0.384375 0.445370 0.030208 0.092593
0 0.286979 0.135185 0.010417 0.079630
0 0.267188 0.113889 0.006250 0.012963
0 0.455729 0.124537 0.042708 0.062037
0 0.403125 0.956481 0.007292 0.012963
