0 0.591146 0.758333 0.093750 0.135185
0 0.593490 0.543056 0.032813 0.012037
0 0.768750 0.278704 0.013542 0.024074
0 0.616927 0.380093 0.006771 0.012037
0 0.510417 0.399537 0.010417 0.017593
0 0.072396 0.407407 0.008333 0.016667
0 0.561458 0.546296 0.007292 0.016667
0 0.818229 0.594907 0.011458 0.019444
0 0.621094 0.619444 0.008854 0.018519
0 0.122917 0.634722 0.014583 0.030556
0 0.180208 0.188889 0.035417 0.164815
0 0.595052 0.113426 0.095312 0.126852
0 0.232292 0.622222 0.131250 0.046296
0 0.850260 0.287500 0.026562 0.167593
0 0.547917 0.824074 0.084375 0.101852
0 0.906771 0.108333 0.051042 0.027778
0 0.504948 0.688889 0.056771 0.025926
0 0.367448 0.719907 0.007812 0.013889
