0 0.388802 0.729630 0.014063 0.175926
0 0.081510 0.925926 0.006771 0.012963
0 0.376823 0.433333 0.015104 0.033333
0 0.098437 0.244907 0.008333 0.013889
0 0.103385 0.213426 0.018229 0.034259
0 0.700781 0.754630 0.009896 0.018519
0 0.094010 0.168981 0.008854 0.015741
0 0.890885 0.336574 0.009896 0.019444
0 0.302865 0.775463 0.008854 0.015741
0 0.638542 0.019444 0.065625 0.037037
0 0.410938 0.156481 0.008333 0.014815
0 0.849219 0.459722 0.025521 0.049074
0 0.980990 0.368981 0.017188 0.030556
0 0.857031 0.201852 0.010937 0.018519
0 0.598698 0.370370 0.015104 0.029630
