0 0.417969 0.582407 0.006771 0.014815
0 0.873698 0.686574 0.006771 0.012037
0 0.886719 0.600463 0.006771 0.012037
0 0.957812 0.918519 0.014583 0.024074
0 0.235677 0.970833 0.006771 0.012037
0 0.435156 0.481944 0.027604 0.062037
0 0.424219 0.837037 0.036979 0.109259
0 0.764844 0.312963 0.011979 0.096296
0 0.599219 0.019907 0.031771 0.026852
0 0.538021 0.076852 0.027083 0.057407
0 0.592448 0.081481 0.015104 0.061111
0 0.393229 0.302315 0.017708 0.095370
0 0.060417 0.211574 0.012500 0.128704
0 0.293229 0.577315 0.008333 0.013889
0 0.243750 0.155093 0.029167 0.191667
0 0.292969 0.241667 0.009896 0.014815
0 0.481510 0.089352 0.006771 0.012037
0 0.494271 0.040741 0.026042 0.061111
0 0.274219 0.148148 0.028646 0.168519
0 0.381510 0.550463 0.019271 0.052778
0 0.179167 0.559722 0.036458 0.069444
0 0.309115 0.430093 0.022396 0.119444
0 0.640885 0.431481 0.009896 0.046296
0 0.341406 0.674537 0.056771 0.021296
0 0.870833 0.642593 0.009375 0.014815
0 0.026302 0.763426 0.008854 0.015741
0 0.417969 0.173148 0.075521 0.170370
0 0.454688 0.765741 0.008333 0.014815
0 0.758073 0.745370 0.007812 0.012963
0 0.313021 0.831019 0.008333 0.125000
0 0.645833 0.768056 0.014583 0.080556
0 0.906250 0.271296 0.008333 0.014815
0 0.285417 0.754167 0.007292 0.013889
0 0.937500 0.224074 0.010417 0.011111
