0 0.496354 0.348611 0.009375 0.019444
0 0.600781 0.984259 0.008854 0.014815
0 0.653125 0.646296 0.010417 0.025926
0 0.525000 0.755093 0.008333 0.019444
0 0.196094 0.706019 0.022396 0.043519
0 0.538281 0.096296 0.041146 0.051852
0 0.868490 0.346759 0.008854 0.015741
0 0.375260 0.599074 0.005729 0.011111
0 0.273698 0.434259 0.007812 0.014815
0 0.244271 0.615741 0.007292 0.012963
0 0.300521 0.198148 0.008333 0.014815
0 0.832031 0.835185 0.009896 0.020370
0 0.369010 0.597222 0.005729 0.011111
0 0.589063 0.808333 0.010417 0.018519
0 0.803125 0.936574 0.008333 0.015741
0 0.376823 0.675463 0.007812 0.017593
0 0.053385 0.887037 0.008854 0.014815
0 0.375781 0.586574 0.007812 0.013889
0 0.693750 0.986574 0.008333 0.013889
0 0.815365 0.752778 0.009896 0.016667
0 0.610677 0.253704 0.009896 0.016667
0 0.060156 0.890741 0.007812 0.016667
0 0.062500 0.262963 0.018750 0.105556
0 0.047917 0.197685 0.009375 0.019444
0 0.155990 0.287037 0.008854 0.018519
0 0.186719 0.330556 0.007812 0.014815
0 0.182552 0.342593 0.008854 0.014815
0 0.330208 0.423611 0.009375 0.019444
0 0.429948 0.266204 0.059896 0.087963
