0 0.580729 0.256019 0.009375 0.015741
0 0.149219 0.342593 0.008854 0.016667
0 0.182552 0.651852 0.016146 0.033333
0 0.290625 0.818519 0.008333 0.016667
0 0.540625 0.821759 0.007292 0.012037
0 0.856510 0.010185 0.009896 0.014815
0 0.235677 0.822685 0.020313 0.052778
0 0.320312 0.834259 0.027083 0.050000
0 0.396094 0.026852 0.022396 0.033333
0 0.079948 0.966204 0.021354 0.032407
0 0.312760 0.336574 0.020313 0.047222
0 0.055729 0.106481 0.012500 0.018519
0 0.704948 0.987963 0.009896 0.016667
0 0.154688 0.650463 0.021875 0.032407
0 0.963802 0.850926 0.070312 0.027778
