0 0.110937 0.630093 0.008333 0.013889
0 0.565625 0.743519 0.018750 0.087037
0 0.017969 0.698611 0.007812 0.013889
0 0.609896 0.423611 0.032292 0.054630
0 0.524479 0.178704 0.007292 0.018519
0 0.764323 0.263889 0.009896 0.012963
0 0.753385 0.820370 0.010937 0.022222
0 0.297917 0.600463 0.008333 0.013889
0 0.234635 0.062963 0.008854 0.014815
0 0.154427 0.453241 0.007812 0.013889
0 0.115885 0.548611 0.007812 0.013889
0 0.693229 0.350926 0.041667 0.051852
0 0.929688 0.738889 0.048958 0.109259
0 0.309635 0.701852 0.011979 0.018519
0 0.459375 0.304630 0.009375 0.012963
0 0.005469 0.287963 0.009896 0.018519
0 0.730469 0.261111 0.072396 0.105556
0 0.602865 0.326852 0.017188 0.064815
0 0.380729 0.966667 0.008333 0.014815
0 0.602083 0.268981 0.008333 0.015741
0 0.073438 0.875926 0.008333 0.014815
0 0.884896 0.525000 0.008333 0.014815
0 0.620573 0.973148 0.007812 0.014815
0 0.424219 0.810648 0.007812 0.013889
0 0.490885 0.661574 0.009896 0.017593
0 0.963021 0.445833 0.036458 0.130556
