0 0.098177 0.529630 0.007812 0.014815
0 0.370573 0.147685 0.021354 0.041667
0 0.888281 0.903704 0.016146 0.029630
0 0.368750 0.757870 0.008333 0.015741
0 0.390365 0.754167 0.007812 0.013889
0 0.801302 0.732407 0.006771 0.012963
0 0.365885 0.036574 0.010937 0.073148
0 0.708073 0.038426 0.007812 0.015741
0 0.501302 0.862500 0.105729 0.186111
0 0.828125 0.525000 0.009375 0.016667
0 0.154427 0.050463 0.008854 0.015741
0 0.126042 0.650463 0.038542 0.080556
0 0.970052 0.668056 0.019271 0.039815
0 0.818490 0.626389 0.019271 0.039815
0 0.859115 0.401389 0.019271 0.039815
0 0.231771 0.596759 0.040625 0.045370
0 0.289323 0.581019 0.010937 0.015741
0 0.443490 0.591667 0.018229 0.037037
0 0.501823 0.435185 0.020313 0.046296
