0 0.062240 0.049537 0.006771 0.012037
0 0.826562 0.212037 0.011458 0.072222
0 0.996354 0.285185 0.007292 0.014815
0 0.659635 0.114815 0.100521 0.183333
0 0.540885 0.843056 0.030729 0.060185
0 0.790365 0.821759 0.080729 0.021296
0 0.155469 0.259722 0.017188 0.060185
0 0.601042 0.318981 0.009375 0.013889
0 0.138542 0.068056 0.068750 0.091667
0 0.850260 0.956019 0.022396 0.036111
0 0.730990 0.962037 0.009896 0.068519
0 0.478906 0.793981 0.060937 0.123148
0 0.593229 0.687500 0.017708 0.113889
0 0.003906 0.144907 0.007812 0.013889
