0 0.159115 0.376389 0.016146 0.078704
0 0.722396 0.407407 0.010417 0.018519
0 0.573177 0.825463 0.008854 0.021296
0 0.336198 0.801389 0.006771 0.012037
0 0.086979 0.379167 0.013542 0.025000
0 0.221615 0.229167 0.009896 0.017593
0 0.520573 0.051389 0.008854 0.013889
0 0.581510 0.065741 0.089063 0.131481
0 0.224219 0.317593 0.007812 0.012963
0 0.282292 0.201389 0.010417 0.017593
0 0.026562 0.114815 0.011458 0.216667
0 0.195573 0.907870 0.007812 0.013889
0 0.256510 0.947685 0.007812 0.013889
0 0.329167 0.625000 0.026042 0.070370
0 0.935937 0.382870 0.010417 0.015741
0 0.455990 0.045833 0.007812 0.013889
0 0.369271 0.552315 0.007292 0.017593
0 0.376042 0.553704 0.007292 0.012963
0 0.448177 0.562500 0.006771 0.013889
