0 0.638802 0.020370 0.009896 0.020370
0 0.981510 0.868056 0.019271 0.041667
0 0.592187 0.982870 0.019792 0.032407
0 0.646094 0.793056 0.021354 0.043519
0 0.213281 0.225463 0.016146 0.076852
0 0.380208 0.201389 0.027083 0.054630
0 0.339844 0.151852 0.038021 0.070370
0 0.772396 0.345370 0.008333 0.014815
0 0.069010 0.237037 0.019271 0.027778
0 0.732031 0.703241 0.041146 0.043519
0 0.387760 0.704167 0.085938 0.147222
0 0.809635 0.703241 0.007812 0.015741
0 0.104948 0.194907 0.039062 0.028704
0 0.302604 0.203241 0.015625 0.034259
0 0.580990 0.806019 0.008854 0.015741
0 0.730990 0.440278 0.008854 0.015741
0 0.677865 0.211111 0.017188 0.038889
0 0.782292 0.343519 0.009375 0.016667
0 0.775781 0.329630 0.008854 0.014815
0 0.657552 0.072222 0.009896 0.022222
