0 0.792188 0.862963 0.008333 0.014815
0 0.181771 0.759259 0.085417 0.011111
0 0.048698 0.357407 0.007812 0.014815
0 0.238802 0.394444 0.008854 0.016667
0 0.230729 0.381944 0.009375 0.015741
0 0.012760 0.852315 0.009896 0.015741
0 0.545052 0.050463 0.006771 0.012037
0 0.647656 0.357870 0.007812 0.015741
0 0.028385 0.638889 0.008854 0.016667
0 0.248958 0.352315 0.010417 0.017593
0 0.684896 0.652315 0.009375 0.015741
0 0.616667 0.119907 0.007292 0.013889
0 0.368229 0.061111 0.008333 0.014815
0 0.391667 0.887500 0.038542 0.128704
0 0.531510 0.807870 0.048438 0.093519
0 0.421875 0.480556 0.008333 0.014815
0 0.768490 0.958333 0.011979 0.018519
0 0.319271 0.955093 0.010417 0.019444
0 0.501563 0.717593 0.008333 0.016667
0 0.633854 0.619444 0.009375 0.016667
0 0.339062 0.525463 0.009375 0.017593
0 0.422656 0.568519 0.005729 0.014815
0 0.429167 0.571759 0.007292 0.013889
0 0.623437 0.261111 0.009375 0.016667
0 0.604688 0.217130 0.008333 0.013889
0 0.694010 0.171296 0.010937 0.016667
0 0.770833 0.018981 0.012500 0.021296
