0 0.380990 0.513889 0.021354 0.029630
0 0.440365 0.059722 0.008854 0.015741
0 0.095573 0.215741 0.016146 0.064815
0 0.397396 0.977315 0.018750 0.034259
0 0.953385 0.957407 0.020313 0.031481
0 0.927344 0.205556 0.017188 0.035185
0 0.606510 0.847685 0.007812 0.013889
0 0.201042 0.342130 0.008333 0.013889
0 0.984896 0.169444 0.021875 0.033333
0 0.183073 0.126389 0.023438 0.047222
0 0.883333 0.027778 0.016667 0.033333
0 0.023177 0.594444 0.046354 0.211111
0 0.258594 0.909259 0.007812 0.014815
0 0.586979 0.740741 0.125000 0.337037
0 0.641406 0.233796 0.018229 0.102778
0 0.689063 0.222222 0.025000 0.040741
