0 0.584635 0.615741 0.031771 0.118519
0 0.776302 0.406944 0.027604 0.063889
0 0.752865 0.475463 0.007812 0.015741
0 0.567448 0.708796 0.007812 0.015741
0 0.475000 0.811111 0.047917 0.085185
0 0.439063 0.656944 0.027083 0.047222
0 0.788802 0.069907 0.010937 0.019444
0 0.660417 0.556019 0.006250 0.012037
0 0.417708 0.042593 0.009375 0.016667
0 0.592969 0.654167 0.006771 0.012037
0 0.514323 0.675000 0.008854 0.014815
0 0.332552 0.051852 0.007812 0.014815
0 0.271354 0.736111 0.008333 0.014815
0 0.535417 0.872685 0.008333 0.013889
0 0.614844 0.310648 0.007812 0.013889
0 0.922917 0.865278 0.008333 0.013889
0 0.787500 0.607870 0.037500 0.065741
