0 0.808073 0.753241 0.011979 0.026852
0 0.474740 0.471759 0.014063 0.025000
0 0.341667 0.023148 0.008333 0.014815
0 0.626563 0.047685 0.008333 0.015741
0 0.165104 0.240278 0.051042 0.087963
0 0.588021 0.236111 0.030208 0.057407
0 0.307552 0.400926 0.018229 0.029630
0 0.310677 0.437037 0.017188 0.037037
0 0.672917 0.556481 0.022917 0.048148
0 0.753125 0.708796 0.031250 0.050926
0 0.486719 0.804630 0.024479 0.037037
0 0.496875 0.623611 0.061458 0.028704
0 0.917188 0.336111 0.020833 0.029630
0 0.932552 0.956019 0.032813 0.060185
