0 0.671615 0.724537 0.007812 0.013889
0 0.216406 0.835648 0.024479 0.054630
0 0.703385 0.804167 0.007812 0.012037
0 0.245573 0.331481 0.009896 0.016667
0 0.736979 0.680556 0.008333 0.014815
0 0.286198 0.318519 0.009896 0.014815
0 0.506771 0.249074 0.010417 0.018519
0 0.706771 0.461574 0.009375 0.015741
0 0.611458 0.720370 0.007292 0.012963
0 0.977865 0.420833 0.008854 0.013889
0 0.913802 0.632870 0.008854 0.169444
0 0.705990 0.526389 0.006771 0.012037
0 0.342187 0.256481 0.008333 0.105556
0 0.229687 0.968981 0.010417 0.019444
0 0.193750 0.859722 0.013542 0.019444
0 0.269792 0.727315 0.009375 0.017593
0 0.990885 0.289352 0.008854 0.017593
0 0.402604 0.297222 0.009375 0.014815
0 0.306250 0.312500 0.010417 0.015741
0 0.185156 0.196759 0.022396 0.039815
0 0.019010 0.176852 0.011979 0.018519
0 0.734635 0.723611 0.009896 0.015741
0 0.829167 0.060648 0.023958 0.037963
0 0.778125 0.647685 0.010417 0.019444
0 0.782813 0.362037 0.017708 0.037037
0 0.105990 0.589815 0.088021 0.081481
0 0.463802 0.326852 0.097396 0.038889
0 0.341406 0.294444 0.075521 0.148148
0 0.675521 0.295370 0.010417 0.018519
0 0.506250 0.362500 0.010417 0.017593
0 0.181250 0.129167 0.008333 0.013889
0 0.248698 0.059722 0.053646 0.062037
0 0.633854 0.064352 0.008333 0.013889
0 0.843750 0.721759 0.008333 0.013889
0 0.674479 0.325000 0.009375 0.016667
0 0.728906 0.965741 0.007812 0.014815
