0 0.005729 0.579630 0.008333 0.014815
0 0.170313 0.505093 0.008333 0.013889
0 0.220573 0.488426 0.008854 0.015741
0 0.146094 0.591667 0.008854 0.016667
0 0.227604 0.718981 0.020833 0.032407
0 0.042708 0.380556 0.085417 0.203704
0 0.323437 0.443519 0.019792 0.031481
0 0.521354 0.492593 0.009375 0.016667
0 0.215104 0.544444 0.009375 0.018519
0 0.382552 0.228704 0.016146 0.027778
0 0.707812 0.174074 0.014583 0.024074
0 0.684115 0.655093 0.019271 0.032407
0 0.524740 0.922222 0.015104 0.029630
0 0.574740 0.898148 0.009896 0.014815
0 0.762760 0.334259 0.007812 0.011111
