0 0.543490 0.653241 0.072396 0.121296
0 0.739583 0.027778 0.012500 0.022222
0 0.601042 0.285185 0.022917 0.038889
0 0.644271 0.181019 0.009375 0.017593
0 0.704688 0.212037 0.008333 0.014815
0 0.718750 0.143056 0.008333 0.013889
0 0.153906 0.157407 0.015104 0.025926
0 0.551562 0.619907 0.012500 0.023148
0 0.701042 0.832870 0.104167 0.030556
0 0.979167 0.048611 0.009375 0.015741
0 0.534115 0.896759 0.005729 0.010185
0 0.610417 0.731019 0.009375 0.017593
0 0.403385 0.813426 0.017188 0.032407
0 0.936198 0.052778 0.008854 0.014815
0 0.785417 0.718981 0.008333 0.013889
0 0.623177 0.768981 0.007812 0.013889
0 0.396354 0.540741 0.008333 0.014815
