0 0.582031 0.810185 0.008854 0.014815
0 0.620313 0.064352 0.142708 0.126852
0 0.654948 0.264815 0.052604 0.046296
0 0.513021 0.416667 0.009375 0.016667
0 0.177344 0.882870 0.008854 0.015741
0 0.761198 0.236574 0.009896 0.017593
0 0.557292 0.168519 0.059375 0.062963
0 0.065885 0.438426 0.009896 0.017593
0 0.709375 0.646296 0.008333 0.014815
0 0.503125 0.107407 0.013542 0.025926
0 0.816406 0.114352 0.014063 0.023148
0 0.716667 0.635185 0.009375 0.018519
0 0.654687 0.305556 0.008333 0.018519
0 0.926823 0.063889 0.014063 0.025926
0 0.942187 0.871296 0.014583 0.025926
0 0.326562 0.619444 0.010417 0.016667
