0 0.325521 0.776389 0.043750 0.025000
0 0.626563 0.197222 0.045833 0.037037
0 0.040104 0.541667 0.010417 0.018519
0 0.179167 0.686111 0.009375 0.016667
0 0.408594 0.721759 0.008854 0.015741
0 0.645052 0.222222 0.008854 0.016667
0 0.951042 0.018519 0.008333 0.014815
0 0.566146 0.114815 0.012500 0.057407
0 0.386198 0.066204 0.008854 0.015741
0 0.623177 0.818056 0.008854 0.017593
0 0.593229 0.110185 0.011458 0.016667
0 0.313542 0.061574 0.009375 0.015741
0 0.211458 0.186574 0.005208 0.010185
0 0.623698 0.666204 0.009896 0.015741
0 0.143490 0.924537 0.019271 0.028704
0 0.019792 0.864352 0.007292 0.015741
0 0.005208 0.891204 0.010417 0.023148
0 0.529687 0.924074 0.016667 0.037037
0 0.728125 0.835648 0.009375 0.017593
