0 0.517708 0.505556 0.009375 0.016667
0 0.529167 0.235185 0.165625 0.035185
0 0.768229 0.365741 0.021875 0.033333
0 0.019792 0.567130 0.014583 0.025000
0 0.319531 0.818519 0.007812 0.014815
0 0.330469 0.468519 0.010937 0.014815
0 0.840104 0.615741 0.010417 0.020370
0 0.717187 0.960185 0.008333 0.014815
0 0.050260 0.312500 0.008854 0.015741
0 0.860938 0.151852 0.008333 0.014815
0 0.196875 0.699074 0.007292 0.012963
0 0.152865 0.658796 0.041146 0.067593
0 0.869271 0.597222 0.009375 0.016667
0 0.449479 0.806944 0.008333 0.015741
