0 0.863542 0.952778 0.007292 0.011111
0 0.766406 0.296759 0.031771 0.134259
0 0.862760 0.964815 0.006771 0.012963
0 0.872135 0.968981 0.006771 0.012037
0 0.788802 0.224537 0.008854 0.015741
0 0.976562 0.339815 0.008333 0.014815
0 0.952604 0.366667 0.008333 0.014815
0 0.758073 0.949537 0.007812 0.013889
0 0.029427 0.518981 0.007812 0.013889
0 0.727604 0.701389 0.008333 0.015741
0 0.620573 0.499537 0.007812 0.013889
0 0.025000 0.275926 0.008333 0.014815
0 0.334375 0.484259 0.115625 0.059259
0 0.273438 0.641204 0.008333 0.015741
0 0.169010 0.203241 0.005729 0.010185
0 0.822396 0.081019 0.059375 0.049074
0 0.388802 0.136574 0.078646 0.115741
0 0.236458 0.137963 0.009375 0.012963
0 0.229687 0.175926 0.008333 0.012963
0 0.291146 0.878241 0.010417 0.015741
0 0.115104 0.845833 0.008333 0.013889
0 0.114844 0.859722 0.008854 0.013889
0 0.432812 0.828241 0.008333 0.015741
0 0.817708 0.176389 0.009375 0.015741
