0 0.571875 0.465278 0.018750 0.028704
0 0.214583 0.388426 0.019792 0.047222
0 0.908854 0.657870 0.018750 0.047222
0 0.398958 0.318519 0.018750 0.037037
0 0.308073 0.594444 0.023438 0.033333
0 0.289323 0.071296 0.006771 0.012963
0 0.081250 0.774074 0.025000 0.314815
0 0.726562 0.329167 0.008333 0.015741
0 0.444271 0.052315 0.014583 0.034259
0 0.218490 0.753241 0.020313 0.028704
0 0.033073 0.213426 0.024479 0.047222
0 0.707031 0.405093 0.018229 0.034259
0 0.210156 0.057870 0.020313 0.032407
0 0.682813 0.086574 0.059375 0.054630
0 0.577344 0.647685 0.023438 0.043519
0 0.776042 0.097222 0.009375 0.014815
0 0.828906 0.944907 0.008854 0.017593
0 0.803646 0.772685 0.020833 0.036111
0 0.819010 0.090278 0.020313 0.034259
0 0.940104 0.381944 0.018750 0.037963
0 0.916927 0.380556 0.020313 0.042593
0 0.594271 0.533333 0.010417 0.014815
0 0.482031 0.783333 0.023438 0.037037
