0 0.189062 0.535648 0.044792 0.065741
0 0.763281 0.856019 0.047396 0.045370
0 0.059635 0.223148 0.007812 0.014815
0 0.596615 0.586111 0.010937 0.018519
0 0.099740 0.503241 0.008854 0.015741
0 0.724479 0.230093 0.011458 0.019444
0 0.321094 0.729167 0.015104 0.023148
0 0.813281 0.964815 0.008854 0.018519
0 0.067187 0.443056 0.010417 0.015741
0 0.847656 0.194907 0.009896 0.013889
0 0.681771 0.601852 0.023958 0.033333
0 0.269792 0.737963 0.009375 0.016667
0 0.857552 0.894444 0.017188 0.066667
0 0.253646 0.784722 0.009375 0.017593
