0 0.623698 0.276389 0.023438 0.036111
0 0.308854 0.319907 0.008333 0.017593
0 0.529948 0.419444 0.028646 0.122222
0 0.693229 0.378704 0.009375 0.014815
0 0.494271 0.181944 0.056250 0.204630
0 0.534635 0.107870 0.007812 0.013889
0 0.490885 0.011111 0.007812 0.012963
0 0.026823 0.524074 0.010937 0.016667
0 0.663021 0.345370 0.006250 0.011111
0 0.402083 0.658796 0.006250 0.010185
0 0.673698 0.878241 0.007812 0.013889
0 0.448958 0.211111 0.008333 0.014815
0 0.148698 0.130093 0.008854 0.015741
0 0.762240 0.957407 0.007812 0.014815
0 0.958333 0.600926 0.081250 0.203704
0 0.357292 0.627778 0.015625 0.066667
0 0.039583 0.031944 0.018750 0.063889
0 0.901302 0.599537 0.009896 0.017593
