0 0.848958 0.279630 0.036458 0.020370
0 0.323958 0.132870 0.008333 0.015741
0 0.107031 0.146296 0.034896 0.014815
0 0.528646 0.722222 0.019792 0.038889
0 0.094271 0.840278 0.033333 0.091667
0 0.674219 0.518519 0.033854 0.038889
0 0.950781 0.227778 0.018229 0.100000
0 0.328125 0.183796 0.041667 0.060185
0 0.047917 0.516667 0.076042 0.044444
0 0.945052 0.898148 0.022396 0.035185
0 0.560156 0.575000 0.007812 0.014815
0 0.814583 0.336111 0.011458 0.024074
0 0.863281 0.284259 0.009896 0.016667
0 0.787240 0.453704 0.019271 0.027778
0 0.380990 0.220370 0.042188 0.051852
0 0.826042 0.602315 0.008333 0.017593
0 0.524740 0.798148 0.015104 0.031481
0 0.627083 0.695833 0.042708 0.030556
0 0.079427 0.304630 0.016146 0.035185
0 0.041146 0.436574 0.020833 0.037963
