0 0.120052 0.566204 0.070312 0.041667
0 0.126302 0.256944 0.008854 0.015741
0 0.333594 0.043519 0.018229 0.033333
0 0.450781 0.155093 0.008854 0.015741
0 0.370312 0.128704 0.038542 0.037037
0 0.532031 0.315741 0.020313 0.040741
0 0.375260 0.568519 0.017188 0.035185
0 0.820052 0.309722 0.007812 0.013889
0 0.161458 0.865741 0.022917 0.033333
0 0.858854 0.454630 0.048958 0.151852
0 0.452083 0.887500 0.009375 0.015741
0 0.922917 0.687037 0.022917 0.031481
0 0.609896 0.644444 0.017708 0.040741
0 0.607031 0.404630 0.035937 0.144444
0 0.529687 0.371296 0.019792 0.038889
0 0.695312 0.285185 0.008333 0.018519
0 0.627865 0.122222 0.013021 0.024074
