0 0.041927 0.385185 0.008854 0.016667
0 0.598437 0.401389 0.016667 0.030556
0 0.599479 0.205556 0.072917 0.131481
0 0.972917 0.662963 0.009375 0.016667
0 0.192188 0.911574 0.010417 0.162037
0 0.354427 0.879630 0.007812 0.014815
0 0.577083 0.320833 0.052083 0.097222
0 0.455729 0.322222 0.009375 0.014815
0 0.358333 0.212037 0.008333 0.012963
0 0.165885 0.971296 0.010937 0.020370
0 0.567969 0.696296 0.018229 0.037037
0 0.338802 0.862963 0.017188 0.033333
0 0.324219 0.671759 0.014063 0.021296
0 0.655729 0.403704 0.007292 0.012963
0 0.408073 0.333796 0.065104 0.028704
0 0.282813 0.432870 0.038542 0.073148
0 0.430208 0.572685 0.019792 0.065741
0 0.413281 0.667130 0.009896 0.017593
0 0.331771 0.053704 0.007292 0.012963
