0 0.342708 0.721759 0.010417 0.017593
0 0.346094 0.611574 0.009896 0.017593
0 0.761719 0.852778 0.008854 0.016667
0 0.374479 0.585185 0.040625 0.016667
0 0.448958 0.079630 0.042708 0.070370
0 0.070833 0.082407 0.008333 0.014815
0 0.626302 0.937963 0.010937 0.112963
0 0.650000 0.503241 0.019792 0.025000
0 0.340104 0.705556 0.010417 0.018519
0 0.148958 0.812963 0.006250 0.081481
0 0.163281 0.764352 0.010937 0.197222
0 0.386719 0.655556 0.061979 0.125926
0 0.871615 0.436574 0.021354 0.041667
0 0.608854 0.637500 0.052083 0.078704
0 0.288281 0.840741 0.093229 0.257407
0 0.407292 0.066667 0.008333 0.014815
