0 0.028125 0.679630 0.018750 0.068519
0 0.811198 0.626389 0.009896 0.017593
0 0.288542 0.040278 0.028125 0.080556
0 0.084115 0.766667 0.007812 0.012963
0 0.126562 0.691667 0.007292 0.012963
0 0.591406 0.656019 0.007812 0.013889
0 0.447396 0.258333 0.008333 0.014815
0 0.262240 0.074537 0.008854 0.015741
0 0.310417 0.321296 0.008333 0.014815
0 0.039844 0.321296 0.009896 0.016667
0 0.865104 0.148148 0.008333 0.012963
0 0.976302 0.181481 0.014063 0.079630
0 0.510156 0.699074 0.063021 0.127778
0 0.930208 0.788426 0.009375 0.013889
0 0.867188 0.852778 0.085417 0.079630
0 0.902604 0.822685 0.015625 0.100926
0 0.871354 0.662037 0.019792 0.044444
0 0.686458 0.922222 0.040625 0.046296
0 0.520833 0.572685 0.010417 0.086111
0 0.532552 0.403704 0.008854 0.014815
0 0.532292 0.426852 0.009375 0.014815
0 0.543750 0.576389 0.010417 0.091667
0 0.534375 0.702778 0.009375 0.014815
0 0.527083 0.721759 0.009375 0.013889
0 0.170573 0.722685 0.056771 0.030556
0 0.080990 0.386574 0.010937 0.013889
0 0.569531 0.052315 0.023438 0.091667
0 0.739583 0.417130 0.009375 0.013889
