0 0.683854 0.507870 0.042708 0.102778
0 0.832552 0.791667 0.048438 0.046296
0 0.082552 0.143981 0.009896 0.017593
0 0.035156 0.186111 0.010937 0.018519
0 0.047917 0.554167 0.012500 0.017593
0 0.149740 0.944907 0.015104 0.043519
0 0.238021 0.765278 0.039583 0.067593
0 0.560417 0.819444 0.008333 0.014815
0 0.572656 0.755556 0.035937 0.105556
0 0.518750 0.591667 0.008333 0.014815
0 0.670833 0.555556 0.008333 0.014815
0 0.895573 0.084722 0.023438 0.039815
0 0.583333 0.831481 0.009375 0.016667
0 0.183594 0.256019 0.007812 0.013889
0 0.178125 0.787963 0.009375 0.016667
0 0.636458 0.132870 0.010417 0.019444
0 0.596615 0.269444 0.009896 0.014815
0 0.426042 0.619444 0.023958 0.040741
0 0.456510 0.748148 0.020313 0.042593
