0 0.752344 0.632870 0.009896 0.017593
0 0.261719 0.821296 0.008854 0.016667
0 0.353646 0.129630 0.008333 0.014815
0 0.356771 0.204167 0.010417 0.019444
0 0.523698 0.364352 0.013021 0.023148
0 0.449740 0.712500 0.009896 0.015741
0 0.196615 0.915741 0.008854 0.016667
0 0.764844 0.538889 0.007812 0.014815
0 0.959635 0.487963 0.058854 0.068519
0 0.458333 0.144444 0.008333 0.014815
0 0.283333 0.761574 0.009375 0.015741
0 0.093229 0.137500 0.011458 0.017593
0 0.099219 0.124537 0.011979 0.017593
0 0.874740 0.362037 0.011979 0.020370
0 0.787760 0.118981 0.007812 0.013889
0 0.794792 0.124074 0.008333 0.012963
0 0.531771 0.684259 0.012500 0.016667
0 0.436719 0.871759 0.009896 0.013889
0 0.084896 0.460648 0.007292 0.013889
0 0.530208 0.569444 0.009375 0.018519
