0 0.848177 0.659259 0.008854 0.014815
0 0.147917 0.179630 0.008333 0.014815
0 0.096354 0.666667 0.062500 0.107407
0 0.500000 0.333796 0.113542 0.210185
0 0.064062 0.588889 0.009375 0.016667
0 0.604167 0.748148 0.008333 0.014815
0 0.933333 0.706019 0.007292 0.012037
0 0.494271 0.978241 0.008333 0.015741
0 0.835938 0.329630 0.017708 0.029630
0 0.930729 0.246759 0.018750 0.026852
0 0.469271 0.966667 0.019792 0.035185
0 0.007031 0.128241 0.011979 0.017593
0 0.772135 0.193519 0.009896 0.020370
0 0.943750 0.063889 0.034375 0.124074
0 0.660677 0.490741 0.007812 0.014815
0 0.133854 0.321759 0.009375 0.015741
0 0.513542 0.215278 0.010417 0.019444
