0 0.671875 0.760648 0.012500 0.021296
0 0.723958 0.924537 0.008333 0.021296
0 0.981250 0.597685 0.009375 0.013889
0 0.591406 0.343519 0.030729 0.146296
0 0.469010 0.919444 0.006771 0.012963
0 0.080990 0.230093 0.042188 0.075000
0 0.626302 0.025000 0.029687 0.046296
0 0.588021 0.087963 0.009375 0.016667
0 0.775781 0.559722 0.121354 0.187963
0 0.357292 0.493056 0.038542 0.084259
0 0.635417 0.640741 0.020833 0.037037
0 0.253906 0.355093 0.009896 0.017593
0 0.541927 0.445370 0.009896 0.016667
0 0.064323 0.402778 0.013021 0.024074
