0 0.365625 0.726389 0.123958 0.084259
0 0.555990 0.450926 0.075521 0.103704
0 0.433333 0.788426 0.039583 0.137963
0 0.676042 0.653704 0.102083 0.155556
0 0.486979 0.127778 0.021875 0.037037
0 0.652083 0.669444 0.020833 0.042593
0 0.490625 0.892593 0.010417 0.175926
0 0.058854 0.410185 0.014583 0.020370
0 0.248698 0.150000 0.019271 0.044444
0 0.165885 0.245833 0.008854 0.015741
0 0.958854 0.823148 0.015625 0.179630
0 0.324479 0.219907 0.012500 0.021296
0 0.510156 0.367130 0.010937 0.019444
0 0.978125 0.800926 0.011458 0.020370
0 0.505469 0.065278 0.059896 0.130556
