0 0.891667 0.070370 0.041667 0.061111
0 0.848177 0.367593 0.017188 0.031481
0 0.781510 0.108796 0.054688 0.080556
0 0.407292 0.908796 0.020833 0.034259
0 0.013542 0.884259 0.009375 0.016667
0 0.575521 0.768519 0.008333 0.014815
0 0.675000 0.312500 0.008333 0.013889
0 0.697396 0.256944 0.053125 0.023148
0 0.076823 0.017130 0.020313 0.028704
0 0.537240 0.487500 0.024479 0.034259
0 0.648958 0.447222 0.028125 0.048148
0 0.715625 0.655093 0.007292 0.013889
0 0.308854 0.246759 0.009375 0.015741
0 0.962500 0.123611 0.022917 0.043519
0 0.171354 0.317593 0.022917 0.035185
0 0.783333 0.141667 0.011458 0.016667
0 0.278385 0.566667 0.008854 0.016667
0 0.399740 0.382407 0.007812 0.014815
