0 0.938021 0.751852 0.008333 0.014815
0 0.213021 0.503704 0.009375 0.016667
0 0.015104 0.956019 0.009375 0.013889
0 0.063021 0.952778 0.012500 0.020370
0 0.097917 0.790741 0.009375 0.016667
0 0.341406 0.164352 0.079687 0.134259
0 0.423958 0.064815 0.007292 0.011111
0 0.694010 0.830556 0.007812 0.012963
0 0.758854 0.035648 0.009375 0.015741
0 0.159635 0.037500 0.007812 0.013889
0 0.921354 0.336574 0.009375 0.015741
0 0.872917 0.305556 0.008333 0.014815
0 0.389323 0.454630 0.008854 0.016667
0 0.254427 0.142593 0.009896 0.016667
0 0.901302 0.833333 0.008854 0.018519
0 0.978385 0.598148 0.034896 0.061111
0 0.108333 0.050000 0.009375 0.020370
0 0.973177 0.745833 0.024479 0.039815
0 0.711719 0.665278 0.009896 0.015741
0 0.666927 0.639352 0.059896 0.032407
