0 0.127344 0.957870 0.008854 0.019444
0 0.926302 0.819907 0.010937 0.015741
0 0.327865 0.589815 0.008854 0.016667
0 0.060677 0.611574 0.008854 0.015741
0 0.234635 0.474074 0.006771 0.011111
0 0.112240 0.533796 0.009896 0.017593
0 0.770052 0.943056 0.017188 0.034259
0 0.013542 0.348148 0.008333 0.014815
0 0.893229 0.372222 0.010417 0.020370
0 0.740365 0.715278 0.010937 0.019444
0 0.694792 0.728704 0.022917 0.040741
0 0.675781 0.722222 0.006771 0.014815
0 0.849219 0.594907 0.044271 0.082407
0 0.925260 0.031019 0.007812 0.015741
