0 0.451302 0.152315 0.023438 0.032407
0 0.544792 0.220370 0.016667 0.038889
0 0.240365 0.282407 0.020313 0.040741
0 0.111719 0.226852 0.018229 0.042593
0 0.095312 0.350926 0.059375 0.092593
0 0.090625 0.746296 0.085417 0.068519
0 0.501302 0.875000 0.026562 0.068519
0 0.026302 0.787037 0.025521 0.240741
0 0.885677 0.199537 0.074479 0.136111
0 0.513802 0.143519 0.024479 0.046296
0 0.803906 0.286574 0.111979 0.030556
0 0.971354 0.793981 0.007292 0.012037
0 0.260937 0.093519 0.006250 0.011111
0 0.076823 0.978704 0.010937 0.016667
0 0.479948 0.977315 0.025521 0.034259
0 0.508854 0.918519 0.016667 0.031481
