0 0.730208 0.682870 0.011458 0.019444
0 0.833073 0.325926 0.007812 0.012963
0 0.594271 0.255093 0.014583 0.034259
0 0.081250 0.569907 0.018750 0.030556
0 0.278646 0.230093 0.021875 0.032407
0 0.589323 0.981019 0.008854 0.015741
0 0.659635 0.042130 0.019271 0.034259
0 0.502604 0.231019 0.050000 0.076852
0 0.219531 0.350000 0.009896 0.020370
0 0.562760 0.111574 0.058854 0.119444
0 0.430208 0.837963 0.010417 0.016667
0 0.405208 0.854630 0.048958 0.079630
0 0.879427 0.613426 0.008854 0.015741
0 0.040625 0.634722 0.018750 0.037963
0 0.706250 0.103704 0.009375 0.016667
0 0.431510 0.949074 0.016146 0.037037
