0 0.257552 0.525000 0.021354 0.038889
0 0.388021 0.043519 0.016667 0.027778
0 0.169271 0.600000 0.010417 0.018519
0 0.516146 0.375926 0.010417 0.018519
0 0.562760 0.358796 0.018229 0.019444
0 0.531250 0.940741 0.020833 0.035185
0 0.996094 0.348148 0.006771 0.016667
0 0.243490 0.834259 0.014063 0.024074
0 0.393229 0.822222 0.009375 0.016667
0 0.494792 0.606019 0.009375 0.015741
0 0.516146 0.375926 0.010417 0.018519
0 0.430990 0.405556 0.007812 0.012963
0 0.044531 0.683796 0.010937 0.019444
0 0.296094 0.781944 0.009896 0.013889
0 0.654948 0.218981 0.009896 0.015741
0 0.305729 0.322222 0.009375 0.016667
0 0.522917 0.081944 0.012500 0.017593
0 0.701042 0.129167 0.085417 0.223148
