0 0.897135 0.028241 0.007812 0.013889
0 0.559375 0.376852 0.023958 0.053704
0 0.254948 0.514352 0.038021 0.078704
0 0.161719 0.480556 0.023438 0.050000
0 0.080469 0.406019 0.019271 0.034259
0 0.064583 0.712500 0.009375 0.017593
0 0.990885 0.034722 0.017188 0.034259
0 0.352344 0.934722 0.100521 0.128704
0 0.529687 0.564815 0.025000 0.107407
0 0.207292 0.678241 0.019792 0.026852
0 0.084115 0.281019 0.011979 0.200926
0 0.265365 0.293981 0.007812 0.013889
0 0.428906 0.452778 0.021354 0.031481
0 0.728125 0.351389 0.008333 0.013889
0 0.453906 0.505556 0.018229 0.040741
0 0.580990 0.332870 0.019271 0.043519
0 0.023698 0.742593 0.021354 0.037037
0 0.815625 0.817130 0.293750 0.123148
0 0.078385 0.496759 0.008854 0.015741
