0 0.235417 0.768056 0.013542 0.171296
0 0.190365 0.723148 0.007812 0.014815
0 0.839844 0.473611 0.008854 0.013889
0 0.089844 0.958796 0.024479 0.080556
0 0.050521 0.912963 0.009375 0.020370
0 0.279948 0.174074 0.074479 0.118519
0 0.353646 0.402778 0.045833 0.072222
0 0.694792 0.673148 0.021875 0.092593
0 0.840104 0.300926 0.029167 0.079630
0 0.116927 0.742130 0.008854 0.015741
0 0.152865 0.804630 0.009896 0.016667
0 0.378385 0.273148 0.007812 0.014815
0 0.030469 0.711574 0.060937 0.106481
0 0.222656 0.751389 0.009896 0.017593
0 0.554688 0.398611 0.076042 0.099074
0 0.795312 0.657870 0.008333 0.015741
