0 0.685937 0.434722 0.010417 0.021296
0 0.025000 0.742130 0.021875 0.121296
0 0.423438 0.979630 0.067708 0.033333
0 0.171094 0.959259 0.024479 0.077778
0 0.223958 0.740278 0.016667 0.034259
0 0.659896 0.425926 0.050000 0.188889
0 0.142969 0.320370 0.276562 0.140741
0 0.296875 0.572222 0.008333 0.014815
0 0.522917 0.433796 0.025000 0.019444
0 0.397135 0.895833 0.008854 0.015741
0 0.921354 0.884259 0.008333 0.014815
0 0.404687 0.402315 0.008333 0.013889
0 0.593490 0.676852 0.029687 0.070370
0 0.898958 0.070370 0.043750 0.035185
0 0.099740 0.053704 0.039062 0.107407
0 0.202865 0.088426 0.046354 0.065741
0 0.120313 0.870833 0.038542 0.113889
0 0.632812 0.823611 0.048958 0.097222
