0 0.942448 0.451389 0.007812 0.012037
0 0.266406 0.937037 0.008854 0.016667
0 0.797396 0.866204 0.008333 0.017593
0 0.567708 0.088426 0.007292 0.012037
0 0.935937 0.749074 0.009375 0.014815
0 0.736719 0.102778 0.007812 0.012963
0 0.549479 0.332870 0.010417 0.017593
0 0.642708 0.149537 0.010417 0.021296
0 0.710417 0.232407 0.008333 0.016667
0 0.971615 0.212037 0.009896 0.018519
0 0.872396 0.367593 0.008333 0.014815
0 0.679427 0.529630 0.008854 0.018519
0 0.373437 0.218519 0.007292 0.011111
0 0.346875 0.206019 0.007292 0.012037
0 0.469271 0.867593 0.009375 0.016667
0 0.471615 0.831944 0.005729 0.010185
0 0.421615 0.963889 0.005729 0.014815
0 0.119531 0.147222 0.011979 0.018519
0 0.124479 0.735185 0.030208 0.062963
0 0.025521 0.852778 0.008333 0.014815
0 0.113281 0.046296 0.006771 0.012963
